0 0.4855876719545983 0.9880059754052286 0.1632404796419344 0.02398804918954269
0 0.40906953500369336 0.7758581833872623 0.22906094848652714 0.29017859981466554
0 0.3204414242709502 0.5849033119730503 0.29210116902916294 0.32511908420556884
0 0.17412643121078047 0.6250049784004537 0.08912066162790722 0.1013293762235353
0 0.18557147824843317 0.791438510251619 0.0997973457733484 0.12196925843752063
0 0.10743718383167414 0.7520734206885725 0.13036502775932127 0.1853968413771451
0 0.12609423966408367 0.3863591406515057 0.16970693244739818 0.2397768065307547
0 0.06370486119416852 0.3615749062606023 0.09254365514950225 0.22772818511654283
0 0.2953811536083427 0.08436759863353918 0.18138730721668547 0.15443950725639416
0 0.63203125 0.4220710175928312 0.7359375 0.8256995037978332
0 0.11012357649501696 0.13714039065150563 0.08327117982650449 0.10736112141421192
0 0.058040642349575775 0.11505457032575281 0.07081075262089365 0.13187004809323422
0 0.042016321714654976 0.047457842558271394 0.04340764342930995 0.09349702885594055