0 0.5608493171065276 0.018711581420173085 0.14982363421305536 0.03742316284034617
0 0.6120091503300922 0.20933160359000383 0.23431337728583285 0.27332515439406196
0 0.6772513159287492 0.38209550217807803 0.29357080009453645 0.3093368622324785
0 0.8108648983038419 0.3515776249019048 0.08917866013203693 0.0929891335443794
0 0.8120775008484717 0.2042934479423007 0.10046747464666624 0.11513691818411545
0 0.8835321272858329 0.24215950930421407 0.14615041300675885 0.1741314849563052
0 0.8357062393031007 0.5638957684754141 0.17681394410953644 0.22177937476889084
0 0.9172724945101385 0.5940713502912985 0.16545501097972312 0.22214308762187224
0 0.6601169362873593 0.86663563822974 0.1984934544771292 0.23799540815498582
0 0.3873275278987489 0.5597110029695009 0.7503222712543501 0.8805779940609982
0 0.8322564849677763 0.784086248021443 0.08531136635259244 0.10222774122451135
0 0.8771390494824057 0.8047109850893193 0.07757677879370348 0.1207049565847754
0 0.9337998611223133 0.7451026528777234 0.08056507775694435 0.11923338479802066
0 0.899501356504165 0.8902165760764037 0.08960788708777763 0.13352320533113407
0 0.9657142424606467 0.7159774425320243 0.05412015494824054 0.08417642319868043