0 0.02109375 0.51640625 0.0421875 0.1390625
0 0.21796875 0.45078125 0.2390625 0.171875
0 0.3796875 0.375 0.265625 0.225
0 0.3328125 0.246875 0.08125 0.06875
0 0.1875 0.25546875 0.1 0.075
0 0.21640625 0.1828125 0.153125 0.10625
0 0.5390625 0.2078125 0.1984375 0.1265625
0 0.55703125 0.1140625 0.19375 0.1390625
0 0.8640625 0.3578125 0.21875 0.14375
0 0.6 0.68359375 0.76875 0.6328125
0 0.75703125 0.19609375 0.0890625 0.0625
0 0.771875 0.15078125 0.1109375 0.05
0 0.70546875 0.09921875 0.109375 0.053125
0 0.85234375 0.12265625 0.121875 0.0578125
0 0.67265625 0.0703125 0.0765625 0.0328125