0 0.0265625 0.63046875 0.053125 0.2265625
0 0.22109375 0.5359375 0.228125 0.1953125
0 0.1453125 0.33984375 0.084375 0.0875
0 0.146875 0.2625 0.13125 0.1046875
0 0.278125 0.28671875 0.0953125 0.0875
0 0.3375 0.3875 0.1875 0.1421875
0 0.475 0.215625 0.1859375 0.1390625
0 0.46640625 0.103125 0.178125 0.140625
0 0.8171875 0.28125 0.215625 0.1546875
0 0.678125 0.14375 0.0796875 0.0734375
0 0.6765625 0.09609375 0.0921875 0.0625
0 0.5984375 0.0671875 0.0828125 0.0421875
0 0.55625 0.0390625 0.046875 0.04375
0 0.74765625 0.05 0.1328125 0.0578125
0 0.68046875 0.02265625 0.09375 0.0453125
0 0.8125 0.0203125 0.0953125 0.040625
0 0.5359375 0.0265625 0.078125 0.046875