0 0.20093510030401118 0.08621995948776917 0.15500051779449714 0.08878501834240007
0 0.373166880455798 0.23403063684308473 0.1627732085166877 0.2029384465556454
0 0.2636884041817942 0.34321175705962903 0.1501511917107737 0.1229781619159093
0 0.5253912722431215 0.12063102955866416 0.0912563527754692 0.09473348997087014
0 0.6174752959691177 0.2356770195295343 0.0902668557412186 0.10875052586424747
0 0.5979692677944971 0.10167409256993017 0.13031353558899425 0.1723416644231918
0 0.7817818295809456 0.3996438942984251 0.139815869581383 0.1757394490629279
0 0.8477012372227808 0.7534879598169736 0.1760372124710205 0.2220521594086268
0 0.8698747371855997 0.3592893304292292 0.17402904349765969 0.21106919530200416
0 0.9618725306832594 0.5679716601335427 0.07464185574121843 0.10829588479802066
0 0.9998222223568523 0.6248725294921572 0.0003555552862955835 0.13657399749271767
0 0.9653079595052709 0.4862131947732788 0.06938408098945814 0.10673338479802066