0 0.0648761096029484 0.8738374893379998 0.0724603317584982 0.10704997867599957
0 0.2579812026245559 0.3880016286998621 0.12900797603820094 0.2951317813494538
0 0.30570934137714506 0.12225899737427084 0.07549605172143128 0.14925566000954502
0 0.42055558057737186 0.19075555338954286 0.05369048439090331 0.061537484006999675
0 0.36858139672677337 0.3572703440483614 0.059161723591130234 0.1287613466740906
0 0.4712971689592919 0.34675156206236074 0.08423613466105592 0.1759090666772723
0 0.4152010026167067 0.8201248800524976 0.07549605172143128 0.1492556600095451
0 0.352033858421822 0.9568339920432708 0.05601687622353531 0.08343066534054522
0 0.29767374063580715 0.9655726453691802 0.04275298439090332 0.06141021467218159
0 0.5435268992586622 0.8497316587364512 0.059652796912107856 0.14282384667409076
0 0.5380109538056823 0.3116049500715876 0.056165698363386696 0.17714430267345432
0 0.590880493461396 0.28254470607890547 0.05247521397248338 0.11618862133990877
0 0.48865831686719174 0.620279968730088 0.04017362141421188 0.07699885200509068
0 0.3577729046161397 0.6515561460454979 0.040501003628197016 0.08637385200509069
0 0.25796636677452456 0.7230215186982714 0.13889389672677338 0.35459768801718106