0 0.3416714825501296 0.18242753339397172 0.3618217102257 0.2568009099673325
0 0.0778214423720878 0.27966234398135975 0.12863528896022586 0.12834033278320495
0 0.12658445048976263 0.3914393709510614 0.08099662986961631 0.0810383576783142
0 0.3082532362035776 0.3090142667972322 0.15802278003177203 0.11340241701630234
0 0.29768215462967795 0.4229467122331288 0.216544392044481 0.15840818631233428
0 0.8150253875835494 0.2854374860793309 0.18658415665497757 0.1405336020792368
0 0.9523811116089671 0.19388675827514784 0.08743754464226897 0.09244945435896632
0 0.96435500608908 0.13368296408400665 0.06523526217486478 0.07204186597668398
0 0.8485628161559194 0.42021430516558134 0.1721398271096728 0.1175930095477696
0 0.25887302476006163 0.5007882923170414 0.20824096834337488 0.1296911904615193
0 0.2281491302799487 0.5624128765501388 0.14217959172016936 0.0997184253146722
0 0.5961742017075786 0.3972074707319912 0.09486821509696401 0.07116645020978148
0 0.6299470040604851 0.25030823732873075 0.10432503571381488 0.07656434523075965
0 0.7069652459428102 0.13580283235899768 0.42785581330995515 0.27160566471799535