0 0.88359375 0.95078125 0.1015625 0.078125
0 0.39453125 0.7546875 0.2875 0.1078125
0 0.12890625 0.7078125 0.1453125 0.065625
0 0.19140625 0.59375 0.0578125 0.0484375
0 0.35859375 0.6453125 0.125 0.0484375
0 0.34375 0.54375 0.16875 0.0703125
0 0.8140625 0.59921875 0.1453125 0.0640625
0 0.95625 0.66171875 0.0875 0.0484375
0 0.9671875 0.71640625 0.065625 0.0375
0 0.8375 0.47265625 0.1390625 0.0484375
0 0.30546875 0.478125 0.171875 0.04375
0 0.275 0.42578125 0.1125 0.04375
0 0.6125 0.52734375 0.075 0.034375
0 0.65 0.65546875 0.0828125 0.034375
0 0.725 0.7546875 0.3453125 0.1125