0 0.39510745064599545 0.2560960800752371 0.3528803778516063 0.22944073817418298
0 0.12451315083056558 0.3136406887450242 0.1827099753229977 0.12744320357377187
0 0.2060914227297907 0.4315086210642578 0.0811684592838688 0.07499468281352524
0 0.3721484168696946 0.3720420736494465 0.1546455320782579 0.10292336463846716
0 0.37119479102067304 0.47875498866847455 0.21017364126984156 0.14258804250907656
0 0.8543496475913631 0.40649525847731904 0.18260984577334832 0.12588070357377196
0 0.9675856230712444 0.3359665356633564 0.06482875385751115 0.08456068380210838
0 0.9769210502768552 0.27703720463671716 0.046157899446289716 0.0649193458553869
0 0.8963042149870815 0.5383328488954986 0.16880816162790707 0.10505886760421675
0 0.3406445003045418 0.5491974812541007 0.20055880937615383 0.11414470752810466
0 0.316955478866742 0.6051145588206989 0.13831962523071262 0.09134919467652339
0 0.6539071614710237 0.48871621497965945 0.09453005243632351 0.06463018577927464
0 0.6747331963270587 0.35164463790735284 0.10264294108527139 0.0696360207602467
0 0.738867942626431 0.24594773623419766 0.4169824506459955 0.2569874180219586