0 0.06408199021635422 0.06542207015222434 0.05261846656500009 0.11453734387822054
0 0.20886008092513939 0.6076984589737983 0.1559655913743753 0.3294858646384672
0 0.23659091631559104 0.891995204525174 0.08942878875333342 0.15350168479069168
0 0.3651692047845841 0.8390545938410394 0.06093880642076392 0.06960684585538672
0 0.32412271143409777 0.6546132682516077 0.07046058320625015 0.14336268083635878
0 0.4325534604841673 0.6767827455141946 0.09971297853284736 0.19294618676785796
0 0.41435670678135433 0.16375616349897223 0.0881935970739585 0.16750051779449712
0 0.35939383700597227 0.027689965399588894 0.0625376740119445 0.05537993079917779
0 0.302017094889757 0.013864887338699158 0.04778418977951393 0.027729774677398317
0 0.5531646336430904 0.1471523008376714 0.07235039152687506 0.15748884783255326
0 0.5000871058107645 0.722514398175933 0.07006184612402784 0.1932990138401644
0 0.5549207293858688 0.7601616368072265 0.06232077488562524 0.1289818458553869
0 0.4742993237069447 0.3873090686321685 0.04727634992375016 0.08622134288963731
0 0.33941452422003504 0.337283846806789 0.04905705547083343 0.0956600098858317
0 0.2380500863403822 0.24913920106513285 0.1699202950215975 0.3924952006080223