0 0.012359099434265925 0.09543865275896199 0.02471819886853185 0.09662269448207603
0 0.18461783529091408 0.6198200978068649 0.18950896935659553 0.3551389586155702
0 0.235275323681645 0.9069206281100183 0.10718630698520056 0.16650582654882307
0 0.36298723322436943 0.8369655749669433 0.06763292759490121 0.08008364767057934
0 0.30625648595484395 0.6540578997067442 0.08369426483072288 0.1559025192218769
0 0.419442287184508 0.6645273309598372 0.11838742739850953 0.21239153663473137
0 0.3615682381943392 0.14115843000989756 0.10571471057599684 0.18204893939369335
0 0.29666137656162894 0.02200725718031841 0.06743293969514967 0.04401451436063682
0 0.5031244791191529 0.10796639247065502 0.08847266842151917 0.17177318068726613
0 0.4934110523098186 0.703606441091174 0.09024424668035032 0.20779256784239591
0 0.5518139047691466 0.7333481727738084 0.07422836123992678 0.13978619629109837
0 0.4399421813073344 0.36276343509828024 0.05522383118569749 0.09505355042954129
0 0.2972188710024841 0.3280686097926525 0.05684087334017516 0.10451043758467105
0 0.18676770521324365 0.2502888478068649 0.20708735479701906 0.42322721732199753