0 0.92890625 0.90859375 0.1078125 0.0875
0 0.421875 0.7640625 0.296875 0.1375
0 0.15234375 0.7453125 0.15 0.0796875
0 0.203125 0.62578125 0.0625 0.0546875
0 0.37421875 0.659375 0.1296875 0.0609375
0 0.34921875 0.56015625 0.175 0.0875
0 0.82265625 0.565625 0.1515625 0.078125
0 0.96171875 0.61328125 0.0765625 0.0578125
0 0.9765625 0.665625 0.046875 0.04375
0 0.8328125 0.4375 0.14375 0.0625
0 0.30390625 0.4984375 0.175 0.0609375
0 0.26875 0.45 0.115625 0.0546875
0 0.61484375 0.515625 0.078125 0.040625
0 0.665625 0.6390625 0.0859375 0.0421875
0 0.75 0.7296875 0.3546875 0.146875