0 0.78046875 0.9859375 0.1140625 0.028125
0 0.34375 0.72734375 0.303125 0.165625
0 0.09375 0.62578125 0.1546875 0.09375
0 0.17890625 0.52734375 0.065625 0.059375
0 0.33125 0.6125 0.1328125 0.0734375
0 0.33828125 0.51015625 0.1796875 0.1046875
0 0.78671875 0.6625 0.1546875 0.0921875
0 0.9125 0.753125 0.0953125 0.065625
0 0.91171875 0.80859375 0.071875 0.05
0 0.8359375 0.54375 0.1453125 0.075
0 0.3140625 0.43828125 0.1765625 0.078125
0 0.2953125 0.38046875 0.11875 0.065625
0 0.6046875 0.55 0.0796875 0.0484375
0 0.6140625 0.68359375 0.0875 0.0515625
0 0.6671875 0.79609375 0.3609375 0.18125