0 0.8232123245463979 0.5175304853697924 0.20990328258831212 0.36421188962701406
0 0.8479840238077134 0.21033623441986182 0.11669766237139498 0.18706620174736122
0 0.7044431020665446 0.24292791603125058 0.07391019867214013 0.08295927678548623
0 0.7126333728491959 0.44231032019156313 0.09154312626704134 0.1599218202884723
0 0.6053339572563472 0.3937253901956949 0.13092378883482816 0.21551851006798622
0 0.5287371793434172 0.9163562710859029 0.11666130093507654 0.16728745782819415
0 0.3833837727275588 0.9124305308695486 0.09788402985783762 0.17513893826090268
0 0.5432515928931624 0.32978887034406296 0.09964651775758923 0.21010365824437507
0 0.49453683694123407 0.28100522501746567 0.083621541958086 0.14098998233256949
0 0.5093776044042355 0.6836399157469101 0.06149201190385654 0.09673083605604163
0 0.6403054175377563 0.7655828596104867 0.06310905405833438 0.1061422036472223
0 0.7282281192349584 0.8305473640757988 0.22705442115199367 0.33890527184840236