0 0.95859375 0.35926681470465455 0.0828125 0.25204428903121967
0 0.90078125 0.5705406579906004 0.190625 0.20267152380771342
0 0.7375 0.3558656005144204 0.3359375 0.46757942720211787
0 0.396875 0.4492535487937771 0.0734375 0.12073974687674198
0 0.3578125 0.47448080777076757 0.0734375 0.08792724687674217
0 0.3203125 0.5317302263886784 0.05625 0.07063975292686635
0 0.29140625 0.6131483980316513 0.0625 0.0863011143631848
0 0.2765625 0.5507347564429077 0.046875 0.0643352107723885
0 0.559375 0.45612065144949687 0.1625 0.23375789734428026
0 0.49140625 0.5080785820694602 0.0875 0.11457156010845856
0 0.340625 0.6300495517206434 0.1234375 0.1257181383672897
0 0.5125 0.6540496122218855 0.390625 0.34914758976990434