0 0.925616354307785 0.2881335873591748 0.14876729138442996 0.2591429824490227
0 0.8807619148562914 0.5025203477840161 0.2076841044771271 0.2119784774344577
0 0.695648851197767 0.3146435777257564 0.38073425938379585 0.47755331630997133
0 0.3814778878324983 0.44115121958340603 0.08599281094499087 0.12263116943775679
0 0.34615121946970406 0.4687821260890391 0.08279256784239583 0.09133570533113407
0 0.3195344877870697 0.5282396941148699 0.06157930913596861 0.07355717194503927
0 0.30187667627625203 0.6093449416075876 0.07177318068726617 0.0894549565847754
0 0.2800559079588863 0.5512967608870596 0.054919873360319824 0.06556281551854859
0 0.5381815892119792 0.43033207686782654 0.18407618611433296 0.23781355172849494
0 0.48011013964152055 0.4867926770261112 0.09980964947960161 0.11835284639736088
0 0.35096927351728996 0.6204355543022844 0.13492163387576941 0.13341555674305994
0 0.5194702900256334 0.6257044128403462 0.4173534328349726 0.3725308471887837