0 0.5480643896154396 0.7081025113084192 0.09061709172016955 0.09373006784239593
0 0.5714645280064724 0.44071361544686205 0.1252102800317722 0.10803158525525039
0 0.5802236935899037 0.296636066826343 0.06060230925276535 0.07342421189493056
0 0.5768822796280303 0.17504767186929718 0.13661143019392785 0.13516729534115868
0 0.273170898540598 0.22452752996446906 0.21604556006354425 0.2142616530976463
0 0.32747438920510713 0.07605348767552811 0.20442622158978577 0.15210697535105622
0 0.4615181525977878 0.04634165422930002 0.17071369480442442 0.09268330845860004
0 0.11793001948176056 0.17490374547744422 0.14924779788867956 0.1436348925821967
0 0.1644931481335609 0.06291940185445083 0.18663870373287822 0.12583880370890166
0 0.2984013547124035 0.6571828997067443 0.4471002857105197 0.5729284034363304
0 0.042069128655095614 0.8099614981909777 0.08413825731019123 0.17070200361804452