0 0.74140625 0.30908938998020485 0.5171875 0.5675725180902231
0 0.927805748792052 0.1590871472162941 0.10873649758410409 0.2266244549975256
0 0.8554360254638912 0.6993669092020817 0.28912794907221767 0.33472463930283636
0 0.6669144989612299 0.6129370070089466 0.24014599425012406 0.2163973631835546
0 0.5490418595622943 0.4745152368825586 0.10774834030732112 0.11922139077317447
0 0.5110325790974335 0.1994776153312611 0.18042030788560623 0.18993003844375372
0 0.5634860942695208 0.7467620511069099 0.15325203000581897 0.1620573439616777
0 0.4995190601808159 0.8017527662812007 0.24451450091808394 0.2508542503386842
0 0.4480357927620104 0.9312577233148913 0.16093698424818453 0.13748455337021745
0 0.5763997798851328 0.9860105003386842 0.09795901000193971 0.027978999322631638
0 0.7012246945787816 0.8997985620188441 0.24818163485700778 0.20040287596231182
0 0.78963361927437 0.8796586810259504 0.2106496839486219 0.2406826379480993
0 0.9323170030441158 0.8882734424459111 0.13536599391176835 0.22345311510817786
0 0.9542240828904553 0.7768069137246375 0.0915518342190893 0.2230767311168073
0 0.9311368824411115 0.9691140066702623 0.13772623511777696 0.061771986659475434
0 0.372288685615612 0.27233085990419414 0.15258235030926065 0.17291295680654795
0 0.34987193849054987 0.1692501255080264 0.09126247091226496 0.08879690637700657