0 0.25703125 0.58984375 0.4921875 0.390625
0 0.5921875 0.74296875 0.1859375 0.1875
0 0.609375 0.90546875 0.125 0.171875
0 0.74375 0.8859375 0.1515625 0.175
0 0.7890625 0.73046875 0.196875 0.1640625
0 0.71875 0.503125 0.0953125 0.0953125
0 0.59375 0.5703125 0.1796875 0.1765625
0 0.26953125 0.36328125 0.0953125 0.0890625
0 0.50078125 0.43046875 0.08125 0.0921875
0 0.86796875 0.65390625 0.2328125 0.1703125
0 0.96015625 0.5546875 0.0796875 0.0875
0 0.940625 0.45703125 0.11875 0.1015625
0 0.08125 0.8234375 0.1625 0.209375