0 0.4295840026322787 0.2657317044386545 0.07386474687674198 0.07600199400955017
0 0.43015267095560195 0.49773567258748913 0.10361587939029934 0.08797620435383635
0 0.4347906948615111 0.6236533318433162 0.047211343285945874 0.0594494110699257
0 0.4479088392789251 0.7303398414619631 0.11311814441741408 0.11017858656782167
0 0.7085645381474569 0.691014479751216 0.17909766842151917 0.17340776206571745
0 0.6743855017485159 0.8577555464487716 0.16831470452587247 0.19958831614940137
0 0.5520792305730812 0.9027158053496283 0.15747719847574845 0.1945683893007434
0 0.8650645230221464 0.7394395999843015 0.15693177693097127 0.12264387023308565
0 0.8220326613894363 0.8613493163190377 0.15868517447164338 0.15551093393541643
0 0.6509095567888089 0.3132962183184706 0.357378246287567 0.47488596042910425
0 0.9158658945156098 0.1858805795658815 0.16826821096878036 0.14808037985173242
0 0.7899292093976464 0.9666915145127882 0.1942772408266178 0.0666169709744235