0 0.39885258480502445 0.7855547172307282 0.0756418091359686 0.07732136182749905
0 0.4022553030315331 0.5559972717948316 0.10409435775648763 0.08570254689043359
0 0.4072847190194781 0.43009762262466855 0.0483423247398008 0.06124607593472771
0 0.4214058519907364 0.3252800680605652 0.11149077792830422 0.10805114357108563
0 0.6810774231124925 0.3841744290628717 0.1819537641334943 0.17564230788809568
0 0.6483921551338112 0.21463060105355156 0.1707639586155702 0.19969511452679142
0 0.5272441734511769 0.14662411702559117 0.15801165309764614 0.22362952199532424
0 0.837522174921515 0.34739924732392957 0.15581398801421215 0.12230382033565021
0 0.7954309294440707 0.22263512304887584 0.16065861827193723 0.15535311867597637
0 0.6192370058813521 0.7559776514684702 0.3627278878324983 0.47725511992537617
0 0.8682366706261018 0.8987734157901244 0.14750352103089917 0.14190592531467203
0 0.7616058853461075 0.10477219420971873 0.18970430913596842 0.08596450124939987