0 0.3078125 0.6578125 0.525 0.3515625
0 0.21796875 0.909375 0.2484375 0.18125
0 0.69765625 0.67734375 0.2484375 0.203125
0 0.61015625 0.52734375 0.1515625 0.1703125
0 0.48515625 0.45234375 0.0875 0.071875
0 0.2515625 0.471875 0.1390625 0.121875
0 0.71484375 0.4140625 0.11875 0.1046875
0 0.75625 0.3484375 0.1828125 0.16875
0 0.8921875 0.2765625 0.1578125 0.1078125
0 0.9515625 0.37734375 0.078125 0.075
0 0.8921875 0.49921875 0.215625 0.1734375
0 0.84921875 0.58046875 0.1921875 0.1375
0 0.8734375 0.76015625 0.1671875 0.1953125
0 0.77578125 0.81953125 0.165625 0.1953125
0 0.96484375 0.73984375 0.0703125 0.2203125
0 0.303125 0.33984375 0.128125 0.1015625
0 0.2140625 0.33984375 0.0640625 0.0640625