0 0.8490904511074208 0.3693864128241856 0.09310725478036197 0.09208568068726608
0 0.5805907749815441 0.387377253506503 0.10468510487264701 0.12695200361804462
0 0.4348474784053167 0.4005024525111348 0.07401729333702498 0.06149742198083885
0 0.3117301534514592 0.42419998134395004 0.1317482526208936 0.13615658525525037
0 0.3936552860834276 0.7240494951387599 0.21351748920265834 0.2214190558566081
0 0.1943771768918438 0.6968672766851087 0.24240395280546378 0.21047491180407363
0 0.135846378774457 0.5541342220716958 0.2114147686600226 0.18860655585660827
0 0.3564322956441515 0.9015879969477822 0.149676232262828 0.1729129568065481
0 0.21007892735326913 0.8684966152197194 0.18857804595791858 0.19675324852966192
0 0.7694065437984502 0.6299797540723299 0.46118691240309956 0.44602506671074205
0 0.9585050239018098 0.8676424491202328 0.0829899521963803 0.09010045680654777
0 0.09873161473791281 0.8312190225012372 0.055905248301957 0.21627345318850325