0 0.6869402551900616 0.2633023035395595 0.6261194896198766 0.526604607079119
0 0.7215513478325533 0.053846537766385164 0.3056026956651065 0.10769307553277033
0 0.29574882908665395 0.36030125565420956 0.32051672433401845 0.28965115671569086
0 0.4308480237631772 0.48631712177844016 0.21034854547482595 0.22618844301173802
0 0.5819131166528146 0.5238093984635489 0.11332235376405216 0.10260710085908258
0 0.8146035998469007 0.4317569380389563 0.18162136760421674 0.17167136137453215
0 0.35783097091115845 0.6349836731124926 0.1556663626613009 0.14692366689245623
0 0.33445182072087803 0.7145007547496983 0.24185321345960356 0.23407618611433295
0 0.21703351045448543 0.8302629528498191 0.1984268656270504 0.1631971200809595
0 0.12593632516950232 0.7465673835370852 0.10557352076024666 0.1037601650834338
0 0.1544539615196183 0.6010158661242306 0.26892504942915874 0.24796826775153882
0 0.16938394174795482 0.5062832202626735 0.24220604053191014 0.20447057326946272
0 0.10815598718559978 0.32942082711465004 0.19912188539871384 0.25678334577069994
0 0.17340430239490826 0.23988029228894092 0.2318707184025195 0.25694047602842474
0 0.04196991307904274 0.3767329183627942 0.06305705140632507 0.24653416327441152
0 0.8019337979834649 0.5819583339005133 0.1650413626613009 0.14741498982323478
0 0.8931981265386462 0.5544707417478579 0.08618685079830257 0.0871525192218769