0 0.2516332755512152 0.41953125 0.5032665511024303 0.4484375
0 0.5633857803008679 0.23046875 0.21424825721819474 0.209375
0 0.5716191204409722 0.078125 0.1473867591180557 0.15625
0 0.7097730838718401 0.08359375 0.17732883225631965 0.1671875
0 0.7689636330744095 0.22578125 0.22311411094166686 0.1875
0 0.7110010902370135 0.4671875 0.11032186379145834 0.1078125
0 0.5771904411106941 0.409375 0.2077800516711113 0.2
0 0.2543477806821175 0.65234375 0.11014002583555564 0.1
0 0.4900326671749996 0.5625 0.0945877610179167 0.103125
0 0.8555537900845136 0.2984375 0.26083231648875016 0.196875
0 0.94944730081809 0.39296875 0.0756559230620141 0.0953125
0 0.9330027235957635 0.4953125 0.11362870174736131 0.115625
0 0.06239024401607636 0.19140625 0.12478048803215272 0.2296875