0 0.6510081768076641 0.7342604385741861 0.5022601087441492 0.521224850731997
0 0.8091787514456937 0.3786815058880052 0.2373567144481868 0.22921697469763486
0 0.9338577578714844 0.346776430537915 0.09973469764227261 0.14796588001272665
0 0.9156555390118545 0.19940199120786942 0.12607170456235509 0.1810692813494538
0 0.7845302144110058 0.1595411545592322 0.21280238342154761 0.23986357336090786
0 0.5327356096583703 0.2639853959261852 0.12033635771838505 0.11697041868236288
0 0.6147920814837498 0.3965609912476403 0.22616454646340928 0.22283970536281678
0 0.39838058391802667 0.7824910426082299 0.11402269072219066 0.11533519334818117
0 0.4615477232710733 0.5162569679344575 0.11501218775644091 0.10129087468172653
0 0.6938216427759066 0.10983588729313823 0.2217317144481868 0.21967177458627646
0 0.5780149120532785 0.01880235463081983 0.10334517589344294 0.03760470926163966
0 0.46990132311797395 0.04604665463877401 0.12582235376405215 0.09209330927754802
0 0.882286057226281 0.9033627852085058 0.16564885771838506 0.11749767735518084