0 0.5616681442018656 0.5286061474437048 0.17930661035393455 0.1920639913621267
0 0.4711055154320797 0.3469940044758202 0.1678384893354819 0.15552571406423077
0 0.46942046004335103 0.4796260317737161 0.0843287683452644 0.08479410703211539
0 0.4163941705808121 0.4712616216869684 0.05345819994353036 0.06257914558877822
0 0.3994117969315236 0.43549410240863684 0.03921368942018653 0.0585529796419344
0 0.34828964171220406 0.3925043684477659 0.1347529735504664 0.14873549352159499
0 0.2902125602268776 0.29742120836101815 0.10582433674699834 0.10640829117755661
0 0.27991136803468075 0.3898287538575113 0.07081229991529536 0.09326794108527156
0 0.21270148123121269 0.35335913016795817 0.05649219468185844 0.061216904688076924
0 0.2349566418533784 0.2507755482742704 0.054550263083592475 0.08132914558877821
0 0.09304215763839396 0.2645748372923586 0.07515118942018657 0.0608559592838688