0 0.5440980166357962 0.5508132339274578 0.15711484496658024 0.14086245202099903
0 0.43255872442915944 0.3833268366088663 0.12273984496658023 0.14046246268299925
0 0.5462042130650737 0.4476427805935943 0.0683329886359143 0.06640679734245403
0 0.5648627098186629 0.3974155139242762 0.05224433847375849 0.039662484006999676
0 0.5424149655007058 0.36485755259391245 0.05361592370110611 0.028743165340545128
0 0.5311405004037418 0.30091323126195785 0.12362050649282175 0.1014181440165447
0 0.4763109042193456 0.20387514660250297 0.0858477711033185 0.085356792011454
0 0.5605592191541537 0.24040244525782165 0.08215002678536117 0.05250792934436319
0 0.5631563392845373 0.16535699192395806 0.05073638555165925 0.042769302673454225
0 0.46411882142762995 0.13212741593732108 0.07247501785690744 0.03521134134309047
0 0.5442409237011061 0.025088717297910724 0.04473184740221221 0.05017743459582145