0 0.6046674275101527 0.471729354419805 0.2019792119047624 0.2147830378830699
0 0.4554858551771888 0.6296943097514711 0.18707610271317882 0.17640895273377594
0 0.4961935934569965 0.4934400994761264 0.09330751387966067 0.09674359604505725
0 0.43846143660945136 0.4864906129697798 0.06201794108527139 0.06966764381548422
0 0.40984508327796376 0.5175274455211836 0.04775518198597286 0.06555929802252862
0 0.3449407765227036 0.5456085228768073 0.1505378254152828 0.16452095792955604
0 0.25516568013104635 0.6264375418183423 0.11638406847545246 0.11702324505632156
0 0.27400771282761305 0.5285956215197546 0.08130816162790726 0.10368201089576327
0 0.19428993444998297 0.5459412946683339 0.06338018198597287 0.06665190445914604
0 0.18489275292543544 0.6564635314267822 0.06331962523071266 0.08998014381548422
0 0.06193731184016397 0.599142340345074 0.05098031153562217 0.06734031930985207