0 0.4 0.834375 0.496875 0.33125
0 0.275 0.60625 0.31875 0.2
0 0.46171875 0.496875 0.178125 0.1265625
0 0.296875 0.39609375 0.1625 0.1171875
0 0.27578125 0.31015625 0.271875 0.15
0 0.665625 0.41015625 0.090625 0.0703125
0 0.8453125 0.334375 0.165625 0.09375
0 0.4390625 0.21484375 0.1125 0.0703125
0 0.45078125 0.15859375 0.0671875 0.04375
0 0.80546875 0.25703125 0.059375 0.028125
0 0.78046875 0.23046875 0.0625 0.03125
0 0.76640625 0.21484375 0.046875 0.028125
0 0.746875 0.1515625 0.0578125 0.0375
0 0.59375 0.2609375 0.1078125 0.0828125