0 0.7900473017056994 0.46623767300205554 0.4002384807294888 0.5990184091247099
0 0.6047539299338434 0.29259063148156217 0.28716005447881654 0.38563238836446345
0 0.44778339205077333 0.47579576783167815 0.17735944753799604 0.21912136760421674
0 0.37299583154299765 0.2792298325466951 0.16187655917039345 0.19823586463846715
0 0.2839933157035558 0.24113031326932316 0.22374241066333225 0.3254005425090766
0 0.3111582051564391 0.6817672421285156 0.09671074505632138 0.11300401878308045
0 0.19034368856069267 0.8633117193911026 0.13854831981405513 0.1988433596955513
0 0.14668506779724277 0.40084887007567466 0.10147465471124746 0.136568852775469
0 0.0838026555444267 0.403770940227899 0.0633847928267485 0.08204317885919252
0 0.11515230044519167 0.8069715360832859 0.04386996832111634 0.07034167490485962
0 0.09233751331842636 0.7747028641441756 0.04721348960843983 0.07359400889724857
0 0.07791438039870546 0.7568786941822317 0.041324122528160735 0.05621550790866543
0 0.020075968233502862 0.72448534684397 0.040151936467005725 0.06916117688202625
0 0.16408074538529757 0.5778397930033681 0.11375613342392406 0.1339531887450242