0 0.6367198292623566 0.16298057921754666 0.5453146585247131 0.3259611584350933
0 0.7551300717991248 0.3467563632415292 0.3494555246489437 0.25765242393999943
0 0.5631683011069099 0.4577306938731954 0.19651423111680746 0.15872832544787005
0 0.7262592005865115 0.5596172396788901 0.18196040818602893 0.1481230161170366
0 0.7440851876962128 0.6451740308664365 0.2967532485296619 0.20171549076370318
0 0.3550935295101838 0.5457849343540747 0.09940685775648764 0.08646376324231468
0 0.16996493498267926 0.6224136592835651 0.18073210085908262 0.1246855161170366
0 0.5765092633405248 0.7422423949099548 0.12292624491161738 0.09007677879370349
0 0.5622697009251958 0.7999961063143065 0.0744953889641522 0.056288247690925886
0 0.20851617989429658 0.6990937364748614 0.06421963025772479 0.03828054147037037
0 0.23272828584176192 0.7267990714418522 0.0659459045679843 0.0415422425071295
0 0.2469102945481892 0.7428246126293986 0.050075243102595035 0.03548773213953691
0 0.263548917908509 0.805725153816945 0.064792840343633 0.049218041470370365
0 0.4226163014455941 0.696059044957223 0.12210072930778519 0.10400257775694435