0 0.3848045844478257 0.8558454347906915 0.6008364959474994 0.288309130418617
0 0.19500811105062554 0.6977185528891999 0.3900162221012511 0.2513449130790427
0 0.37914636409000096 0.5235037559686802 0.22392409849212935 0.15703254448624282
0 0.1694972534868527 0.45537454399195126 0.20421719123481452 0.1453310405319101
0 0.14755036032032434 0.36430653361182797 0.2951007206406487 0.18798806722365588
0 0.5925820219129636 0.369121297983465 0.11349515494824054 0.0871418557412186
0 0.7806663652212966 0.23565883505533405 0.20488157257314796 0.11733337452429896
0 0.2910960172948152 0.21257423174839235 0.14005765494824055 0.0882241946765232
0 0.2914370613570836 0.14594514726171195 0.08406193317629622 0.05324701680591395
0 0.7174233629122224 0.16095065372468365 0.07474572177194432 0.035741181824942014
0 0.6834680279452316 0.13683006281221263 0.07671832488222208 0.04049234882113639
0 0.6627549867576853 0.12265747486549114 0.059120721771944315 0.0351045118629981
0 0.6268851287464352 0.05768904946633977 0.07427683006601846 0.04817751482874762
0 0.47689681625805597 0.22171310429552493 0.13660046427907382 0.10209569368794007