0 0.44921875 0.85390625 0.4703125 0.2921875
0 0.2921875 0.63671875 0.3078125 0.1625
0 0.46171875 0.50234375 0.16875 0.10625
0 0.284375 0.42578125 0.1546875 0.0984375
0 0.2515625 0.34375 0.265625 0.1171875
0 0.6515625 0.3875 0.084375 0.0609375
0 0.81953125 0.2875 0.1609375 0.0734375
0 0.4 0.2265625 0.1078125 0.05625
0 0.40390625 0.16875 0.065625 0.0359375
0 0.76875 0.2171875 0.059375 0.0203125
0 0.740625 0.19375 0.0609375 0.0234375
0 0.7234375 0.18046875 0.0453125 0.021875
0 0.69609375 0.12109375 0.05625 0.03125
0 0.559375 0.25 0.1015625 0.0703125