0 0.1834050150175337 0.6640625 0.3668100300350674 0.56875
0 0.4077433526838086 0.76484375 0.2642217816533298 0.3671875
0 0.49896619075052995 0.5515625 0.16300238068039513 0.2078125
0 0.6274342897775953 0.7109375 0.1517375982129911 0.1890625
0 0.7210206485438932 0.7203125 0.20383766071216733 0.309375
0 0.5646668774372796 0.3234375 0.08935460064862308 0.10625
0 0.6213101639618734 0.121875 0.1267375982129911 0.1890625
0 0.8008423364484589 0.53359375 0.09288870373287814 0.1296875
0 0.8590093924548133 0.51328125 0.05761367694751698 0.078125
0 0.7090459431828667 0.153125 0.038645488635914306 0.065625
0 0.7399004768680868 0.17578125 0.04497730925276535 0.0703125
0 0.758432288556484 0.18828125 0.03686480032431163 0.053125
0 0.8285538737838316 0.19921875 0.04961026217486477 0.0671875
0 0.7316946903434929 0.37734375 0.10533415665497756 0.1265625