0 0.86328125 0.934375 0.1296875 0.13125
0 0.4296875 0.8953125 0.0953125 0.10625
0 0.2 0.6734375 0.1609375 0.10625
0 0.36171875 0.7390625 0.1375 0.1453125
0 0.16015625 0.90234375 0.0796875 0.078125
0 0.61015625 0.66015625 0.15 0.1203125
0 0.8125 0.6390625 0.084375 0.1046875
0 0.61171875 0.54609375 0.071875 0.065625
0 0.4421875 0.43046875 0.1078125 0.0796875
0 0.590625 0.46328125 0.075 0.046875
0 0.70546875 0.4328125 0.0671875 0.0453125
0 0.79296875 0.5015625 0.0328125 0.0390625
0 0.70078125 0.390625 0.0390625 0.05
0 0.64453125 0.3359375 0.065625 0.04375
0 0.57421875 0.31875 0.040625 0.021875
0 0.5828125 0.33359375 0.0296875 0.025
0 0.68828125 0.278125 0.0296875 0.03125
0 0.7765625 0.32109375 0.040625 0.0359375
0 0.5953125 0.2671875 0.0703125 0.0484375
0 0.03671875 0.3546875 0.046875 0.0515625
0 0.15859375 0.2734375 0.03125 0.0375
0 0.1828125 0.23359375 0.0296875 0.0375
0 0.50703125 0.3 0.034375 0.0296875
0 0.3546875 0.3546875 0.021875 0.021875