0 0.07222130996268811 0.16468451120988764 0.1311819128671175 0.1737559775802247
0 0.5304939060186402 0.05911269438535784 0.14694862282516113 0.11822538877071569
0 0.8623745585127957 0.19765908663498546 0.22180691286711748 0.18115363152302771
0 0.6610246234498611 0.1857961707333887 0.21046759378086702 0.2159432197043169
0 0.41745499005124503 0.36368115210663526 0.2148232070582587 0.19145340273485498
0 0.2039620977295593 0.4612888310542875 0.13409342531467222 0.15070111485312837
0 0.45757327241953155 0.48853775983276176 0.10542305103961844 0.10022288273097572
0 0.6849421784381718 0.553302535127475 0.15274833693238996 0.13048420970237729
0 0.5110194263635794 0.5714301371037258 0.10400226099766208 0.08147288273097572
0 0.39573889109550786 0.647657410441585 0.09439046265733611 0.07758260818516849
0 0.27536626889504656 0.6048158193853579 0.05090057178554286 0.05695137272903601
0 0.4164191666153171 0.6923481571076051 0.06290366431701014 0.07190669303247788
0 0.4971964925500448 0.7313471421046955 0.08946616431700996 0.07407497091226496
0 0.5807310429649633 0.723742194071248 0.05428568091374952 0.040146510001939716
0 0.5664434000185776 0.7115450830111415 0.04334818091374952 0.03925368969849785
0 0.4709668018880329 0.8105243301362035 0.045502676764564674 0.0471937354561323
0 0.3582533143355876 0.7961425789282556 0.058476273445216796 0.05446410151720862
0 0.5769324593565657 0.7877249457382378 0.09787066016782511 0.08252519970043756
0 0.6613773917202078 0.7195173375530693 0.05175267676456467 0.04770391848667046
0 0.8081913469043667 0.6029840575472504 0.03193708423309758 0.03211086939505616