0 0.5019005632971262 0.9853974236571755 0.12018469636645772 0.029205152685648984
0 0.19984333996896536 0.8483758772858329 0.2106818927329154 0.1673610316684254
0 0.39499647224089907 0.886693957917499 0.19655549091614422 0.20335732026407385
0 0.6553275496713427 0.7434489717254615 0.2040173045516262 0.18074002648462936
0 0.8763412934624248 0.6770207637614798 0.12490388939893578 0.1427916756834257
0 0.6302474145244709 0.6169356983983784 0.09933006242753403 0.09556536116879606
0 0.41599333801211136 0.5234421022153232 0.1433032030344176 0.1211312891612959
0 0.5887611583155531 0.5275417162588414 0.09741687606301604 0.07212786116879606
0 0.7107794216514727 0.468975943497406 0.08947683030538141 0.06988185598499985
0 0.8232317531648021 0.5275976707359706 0.04770391848667046 0.05226512902925915
0 0.6956007028652396 0.4235855310562949 0.05822683030538158 0.06714783524981485
0 0.6209194383213721 0.3745629792183321 0.0863518303053814 0.0696084539114814
0 0.5386968696849201 0.36972992478847116 0.04942591515269079 0.03535103110277769
0 0.5516114578662095 0.38502273411930443 0.038615960910325244 0.03595662384546285
0 0.6569204533242816 0.29981654891675796 0.04081618969849785 0.043905824882222076
0 0.7647011313538499 0.3289168714899059 0.05551641848667046 0.05294863421305553
0 0.5508299499903015 0.3078450794538878 0.09142196757828494 0.07470605702175907
0 0.06409574028792442 0.4100379642790739 0.04601387272903605 0.050565927992499836
0 0.08321227316868136 0.35899287412828684 0.042888872729036055 0.05029252591898139
0 0.4590093696849203 0.3627581719137491 0.0469386439408634 0.04289012902925915
0 0.30170743952932005 0.45836532342161973 0.03211086939505616 0.03228481969842587