0 0.3877029259662496 0.22013586743820213 0.25040585193249926 0.39741636031120037
0 0.6461298721020365 0.3102657572961796 0.1491387119699997 0.17971893515657006
0 0.5644520622055553 0.13915628971789457 0.09794806738935158 0.10883260818516849
0 0.12453039976444429 0.08462970470140743 0.1428107995288886 0.16058629788366643
0 0.8260900656459252 0.3901121092724303 0.16343636635259245 0.11262703000581897
0 0.8157411601320369 0.1565661566970548 0.14415868605101814 0.1405288893989355
0 0.606106922196573 0.6064075625967119 0.10079966531583313 0.10596269970043756
0 0.4296627079174991 0.4958213936509993 0.08849515494824053 0.08944487939699589
0 0.2203376431200456 0.38177551379496155 0.10734219123481452 0.14528029121570665
0 0.4583044092370823 0.5749507842578827 0.09371033524981467 0.06039510818516867
0 0.35336263100902665 0.5989626269810999 0.09494064458064803 0.07445760818516849
0 0.4188009947697209 0.6997117971347604 0.08148373732333311 0.06249974212409235