0 0.9179383410245041 0.9767524322027572 0.13522694183801248 0.0464951355944855
0 0.9618272826872898 0.5770948197371806 0.07634543462542034 0.12941398441265975
0 0.8104068943196874 0.260355797945654 0.15707979852673154 0.20067697921687966
0 0.8439399322027572 0.4508386863132565 0.1918154314464527 0.18600247402109957
0 0.7019538000393409 0.6772487309815904 0.170595995308423 0.19384782500983527
0 0.6342903246808591 0.8769812971893494 0.1358825056999832 0.11989687278026225
0 0.5800188158787828 0.6345152917414676 0.09060285668871888 0.09496257475773362
0 0.4949014986626176 0.4178798127766896 0.11375613342392406 0.1370079631253363
0 0.4963268768907616 0.5827946185928884 0.07029035668871889 0.09354218639013112
0 0.4362248932344065 0.6905417805936029 0.06818155347041017 0.0856204257464693
0 0.4916386489343897 0.8048117302252858 0.04982503737886681 0.045465319309852245
0 0.3935075155104657 0.668896373536567 0.06454310124083724 0.055823665102807674
0 0.3476380046147024 0.5910555968013618 0.06327553218308672 0.08216764381548422
0 0.3444640921097848 0.5123132377668543 0.03296531930985207 0.04895095222957302
0 0.3595099379027404 0.52735908355981 0.03376299480421992 0.038122712873234835
0 0.2746046962006136 0.6139360859055986 0.04168475544788164 0.040231516091543365
0 0.30223765932594987 0.720043974273201 0.05048060124083724 0.05484031930985189
0 0.2855261346844317 0.5144113333077085 0.07141581411407198 0.08740144703379293
0 0.39106739641337424 0.06699501994994114 0.048153276735205086 0.0437935586661903
0 0.34205074220632986 0.07756117935276563 0.048044016091543365 0.0422310586661903
0 0.33983694024852895 0.43502411808868524 0.04201253737886681 0.04491901609154336
0 0.433019221675311 0.3000478205703597 0.03176345222957302 0.03176345222957302