0 0.7124226923449651 0.2048413180348585 0.17936280452090295 0.12853603060296184
0 0.5308103228539235 0.16179344706624382 0.1952436840799308 0.2073160020669146
0 0.4223464722645833 0.03868785670059104 0.14593205547083343 0.07737571340118209
0 0.2446883720564928 0.31715315095240404 0.2588320989738195 0.1228725355653606
0 0.28981707446944405 0.4235272754356753 0.12060474715020834 0.08521837014004525
0 0.30658504075010373 0.5078102301504052 0.12994337955902785 0.08409251778268043
0 0.4770611949104163 0.4928465479758666 0.15875936379145833 0.11508996071058561
0 0.2104536167381592 0.5809630938803094 0.1125376740119445 0.07391699710451576
0 0.21672114732336753 0.6134481081483332 0.07776263050895835 0.05512845574818712
0 0.30223976681440917 0.6609716174539579 0.10465243882958344 0.07042812406898662
0 0.3565460603173953 0.641273393508806 0.06791485182361115 0.03437930810555194
0 0.38646929644968686 0.6632917886702417 0.047602351823611146 0.03343323821317572
0 0.4558005246981939 0.6686470686540311 0.07441942496187508 0.045607906533975395
0 0.347405490028923 0.7322258792407823 0.1266001740119445 0.0745719685684687
0 0.2489861738245133 0.7360294294884513 0.08884560087368065 0.061887877997927984
0 0.14682491499079803 0.699426303557438 0.07645470364722229 0.06599318114108108
0 0.12291463630545078 0.7208304226640257 0.08888196846486114 0.06345037799792799
0 0.057387087387221904 0.3844070791980011 0.09418771751493063 0.09023120181924557
0 0.08672648242947871 0.5320975624487781 0.07452852773541671 0.05029540653397539
0 0.931730511114826 0.47245038730806216 0.11551851006798622 0.1349272717116218
0 0.8603256769586454 0.5897149700207198 0.05984777868534721 0.023077935070022627