0 0.6583164940480717 0.08601496779468439 0.11759656615858276 0.07713789462538867
0 0.8630029522863774 0.3667776623353685 0.20874880698520074 0.1730411998023559
0 0.7003898436787293 0.24242386249066022 0.19177038524403187 0.20797764192396562
0 0.9564221959416657 0.16042822277400756 0.08619203005422946 0.04875528939195171
0 0.40336939793345544 0.25013286277300895 0.19943743949875792 0.18343266823232476
0 0.17228756957642838 0.20775783404557524 0.122684041958086 0.1461609104104042
0 0.3713830788480064 0.3748752575395719 0.0958397408266178 0.09617632096198285
0 0.5297581393492484 0.5560327942301007 0.14129768657189173 0.12381547355046649
0 0.37315868140553027 0.4726680154320797 0.09573065651766237 0.07742632096198285
0 0.23797970550783126 0.46870231029746473 0.08632838544042354 0.0721927893919517
0 0.15808819330938698 0.3647967893213645 0.047184072208707 0.05585515785015547
0 0.2314479043763631 0.5167757892507774 0.05506020472226432 0.06724768415851479
0 0.27944906714054146 0.5945969523626047 0.08475679508134393 0.07053928413027996
0 0.3534496485226306 0.6364197022920175 0.051762487899751616 0.03737817363517095
0 0.3473132780111258 0.6165244312453302 0.03926248789975162 0.036650131541796326
0 0.21585419975229464 0.6448174892648948 0.04243293969514968 0.04464464206513981
0 0.12876781109041724 0.5686274446112712 0.05498748184962739 0.05474768415851479
0 0.3164263714934634 0.6866248286427291 0.09261474687674207 0.07880681043863902
0 0.9474218414392341 0.7671409543581561 0.03787270472226432 0.06624662628012423
0 0.8040985674351291 0.8197514729151818 0.04560339149054791 0.05263915258848364
0 0.7655946036376784 0.8558030940042215 0.044040891490547907 0.052548147326811546
0 0.42275818472518 0.6787506864364148 0.04555793969514958 0.04482665258848364
0 0.6072604497522947 0.667614307313693 0.0298602168225127 0.03141659997176518