0 0.7535268926352401 0.8125557737785364 0.25286711668970663 0.3748884524429272
0 0.4479663733979464 0.7891440066150286 0.16000002649368775 0.20400691149637407
0 0.553459949165995 0.9601713283694316 0.10354664065150558 0.07965734326113676
0 0.9990799177781657 0.9436538782028159 0.0018401644436686127 0.11269224359436833
0 0.2311583301140357 0.7228874981379732 0.18517858656782166 0.12094185442427943
0 0.25456858137998006 0.9619777692304223 0.1544543762235353 0.07604446153915526
0 0.4758234670525262 0.4254111463997809 0.11023315027015243 0.11901117328319835
0 0.690062071043543 0.5297669683590717 0.09707838584218216 0.09967897642635144
0 0.9428646175543468 0.6312546554960088 0.11427076489130635 0.16446922249741008
0 0.6510144400106842 0.4390306523956369 0.10519842068857255 0.06417812406898663
0 0.7734053059826006 0.39247248366055254 0.10579862141421206 0.08136562406898662
0 0.6892535060752678 0.28325584139460086 0.08973711179556502 0.06813787799792799