0 0.813186322110511 0.3175210139306385 0.37362735577897793 0.27965376280124377
0 0.7404957941975812 0.6063097691217232 0.19937380698520055 0.17249516823232475
0 0.9385969509116354 0.5369396008893983 0.12249314441741391 0.1133484104104042
0 0.959543171642973 0.054494453068476376 0.08091365671405412 0.10898890613695275
0 0.6455201583643742 0.8040940927145419 0.11980448165323558 0.18816639988706035
0 0.9004349173413647 0.8283227350620305 0.13058744554888194 0.1622409367187636
0 0.40156003834384874 0.5135124082736785 0.1178238251355733 0.11620039462538863
0 0.5325368066906131 0.3245724636624073 0.09899201190385672 0.1010458314853265
0 0.6671971112399268 0.09712375589695636 0.16317268657189174 0.1250895472138723
0 0.44044021028140923 0.3455667741010463 0.06622496369925486 0.10694722099021767
0 0.41547150565734076 0.21807110565696003 0.08185905405833438 0.10941977360693614
0 0.3001692134046672 0.2802742450206768 0.06770565046753818 0.0929757262518895