0 0.7455207980084163 0.24932688068698577 0.42668158420556884 0.2791570348997407
0 0.753459750463336 0.513870621758532 0.18983137023308566 0.15946827759614007
0 0.8890202829474738 0.38814214448670353 0.11453870435383635 0.10506142126547413
0 0.7763343215068792 0.022987892047776227 0.2004563569862416 0.045975784095552454
0 0.7485018880347989 0.7005620982195817 0.12447918874473984 0.16613528896022595
0 0.9385663820443491 0.6238517735455409 0.08336311542376222 0.15136367694751698
0 0.4448188712445759 0.5653236221622738 0.1130307680561673 0.10659664772652384
0 0.48121770663127117 0.37261792492221735 0.09540675843752044 0.09379663879807013
0 0.5086061297669143 0.14727700568533814 0.1524752139724832 0.11821598620028229
0 0.4147097637101801 0.4214060267886565 0.06889882213985139 0.09489548863591431
0 0.3483159265942043 0.33277594927194665 0.0830704495445131 0.09826595048646736
0 0.2764557955613455 0.42303848498576163 0.06846231252120454 0.08239548863591431