0 0.8859375 0.92578125 0.121875 0.1484375
0 0.45 0.8984375 0.090625 0.1015625
0 0.209375 0.6890625 0.15625 0.0984375
0 0.37421875 0.74609375 0.13125 0.1390625
0 0.18125 0.91953125 0.0765625 0.075
0 0.61875 0.65390625 0.1453125 0.1140625
0 0.81875 0.62265625 0.0796875 0.1015625
0 0.61328125 0.540625 0.06875 0.0625
0 0.43828125 0.43359375 0.1046875 0.075
0 0.58828125 0.45859375 0.0734375 0.0421875
0 0.70234375 0.421875 0.065625 0.0421875
0 0.7921875 0.48671875 0.03125 0.0375
0 0.69453125 0.38046875 0.0375 0.0484375
0 0.6359375 0.32890625 0.0640625 0.040625
0 0.56484375 0.31484375 0.0390625 0.01875
0 0.57421875 0.3296875 0.028125 0.0234375
0 0.6765625 0.26796875 0.028125 0.0296875
0 0.76640625 0.30703125 0.0390625 0.034375
0 0.5828125 0.2625 0.0671875 0.0453125
0 0.0296875 0.37890625 0.0453125 0.0484375
0 0.146875 0.29140625 0.0296875 0.0359375
0 0.16953125 0.25 0.028125 0.0359375
0 0.49609375 0.29921875 0.0328125 0.028125
0 0.34765625 0.3625 0.021875 0.021875