0 0.17584785068700998 0.7088894088986214 0.1929269490629279 0.14603303788306993
0 0.34318245170322437 0.7993237487394923 0.21408654671393004 0.23015666560701079
0 0.41703382568069236 0.9407357165564054 0.14851170783841655 0.06652050050420329
0 0.6693788903413109 0.7086834151796821 0.27408602084968264 0.1485895913534801
0 0.6549790727111915 0.5872836625817921 0.13071645407749272 0.09802187278026224
0 0.6623262229486183 0.49554963065080704 0.14004598997087 0.09711493664223277
0 0.48844009356087403 0.46950557274092136 0.17068823620994636 0.1320033888718058
0 0.7768804679340533 0.4438782339853312 0.12102320533113406 0.0864288089182919
0 0.7810284103330638 0.4085034626980077 0.0829321719450391 0.06349405347041034
0 0.7082334195042638 0.337966723593771 0.11311977711788863 0.08275750569998319
0 0.6487902233443297 0.3444623780529169 0.07292067445232178 0.04096348960843983
0 0.6254807554767833 0.3149059180296739 0.05100021034569906 0.03787134059717552
0 0.5583303593959916 0.29153375602895937 0.07944345909205772 0.050775532183086725
0 0.6834129274218226 0.2531600348578514 0.13821070533113405 0.08763067599857095
0 0.7826173055559256 0.27351110366350034 0.09722199247815269 0.07228989926336578
0 0.8727816528112164 0.336595975687458 0.08325042069139812 0.07443155347041017
0 0.9036595797708206 0.3204028931360542 0.09722199247815269 0.07228989926336578
0 0.875120424981047 0.6849406405381642 0.1027733105039836 0.10230518119435103
0 0.8867890138565606 0.5250739676416863 0.07962531551854823 0.05702553218308672
0 0.04739534831107622 0.37748050779367015 0.09479069662215243 0.14293018119435102
0 0.13552099670129472 0.2727605207831204 0.06322742570596289 0.0293704257464694