0 0.23046875 0.675 0.1484375 0.090625
0 0.38671875 0.7375 0.1515625 0.1609375
0 0.4734375 0.8828125 0.1203125 0.09375
0 0.64921875 0.63828125 0.2203125 0.0765625
0 0.6171875 0.5375 0.1 0.0609375
0 0.609375 0.4609375 0.1078125 0.0578125
0 0.4578125 0.4515625 0.13125 0.0828125
0 0.6984375 0.409375 0.09375 0.0515625
0 0.69609375 0.3796875 0.0640625 0.0390625
0 0.6234375 0.32578125 0.0875 0.05
0 0.57421875 0.3359375 0.0578125 0.021875
0 0.55 0.3125 0.0390625 0.0234375
0 0.4890625 0.2984375 0.0625 0.0296875
0 0.5890625 0.25703125 0.1078125 0.05
0 0.6765625 0.26640625 0.0734375 0.0453125
0 0.76328125 0.3125 0.0625 0.0484375
0 0.7859375 0.296875 0.0734375 0.0453125
0 0.81953125 0.603125 0.075 0.0703125
0 0.80390625 0.46875 0.0625 0.034375
0 0.928125 0.903125 0.13125 0.19375
0 0.05 0.40859375 0.1 0.10625
0 0.128125 0.3140625 0.0515625 0.0125