0 0.07866393140844859 0.569168785713815 0.14123647483619658 0.21646257142762995
0 0.23571277231783908 0.5281734131477993 0.09661372158978568 0.16569891233702042
0 0.16246618709049146 0.5378290568171333 0.06408186525911974 0.09171594155801373
0 0.1572683981302656 0.4190245097392326 0.04549550649282175 0.10076365909060954
0 0.0371916773512588 0.38568808400953164 0.053662562499176183 0.12121252678536117
0 0.261459245939515 0.30291036038785574 0.11835235389503396 0.1582682418823252
0 0.3350001116056718 0.22062574025747206 0.051909147726523844 0.11024775324641087
0 0.3744756688298422 0.20022746550070575 0.04941934740221221 0.05709547970746058
0 0.4260148494308071 0.15504737905554214 0.05120003571381489 0.06962275324641087
0 0.4335018413131323 0.2707678364418683 0.05407166558343128 0.14465002678536126
0 0.4734859131477993 0.23475819845457718 0.046348894480112965 0.060165932629559826
0 0.4606916327089901 0.3071689866040241 0.030832988635914306 0.06614319724005649
0 0.4151354452081663 0.4266496436660388 0.04694891233702041 0.09454093262956001
0 0.2772356193130142 0.7592967280826074 0.26564000567874757 0.45293763392680597
0 0.3956741534052714 0.564549064120734 0.04834777110331832 0.08519320616851012
0 0.37186410104906964 0.9007496168806775 0.06371940097293471 0.16043866801906326
0 0.45292932020651866 0.667861024753471 0.20048656412073385 0.38931941882984233
0 0.5100331136342666 0.3150593530809598 0.0861398717519414 0.19207049756436803
0 0.5713058043815014 0.24583779463897343 0.021212526785361164 0.05191705600635439
0 0.6594643234562249 0.24034749958966764 0.22476954382819442 0.4381660219140972
0 0.5635668112780648 0.6466779512972463 0.26715150730030535 0.7066440974055075