0 0.46101020020978145 0.12283763417312779 0.21723781203728051 0.1787419710040611
0 0.5165768064382033 0.3021036320136595 0.15769594606059661 0.11117493676633483
0 0.7740466869370343 0.3551434986064988 0.1270146311235308 0.13719721622369904
0 0.8052169444102114 0.5305137384274661 0.17187684523075966 0.11363860271317883
0 0.6405857593472769 0.49197526526393653 0.09462726099766208 0.07914488433001132
0 0.28091199357573 0.31110269046696265 0.5183537166060284 0.3768533081395362
0 0.7879506244987683 0.7540921383351809 0.12045605518880328 0.09168445712440043
0 0.5859844601817583 0.6742883150793665 0.23662642946385706 0.14733128469915152
0 0.4116804319626567 0.5286184623661877 0.35414581618646535 0.1797408713732013
0 0.5021861101771139 0.4815513001199717 0.06640717261537983 0.05556768198597286
0 0.14795962884844588 0.4238659014488745 0.13009116431701004 0.07519786397194572