0 0.07304609367872932 0.5250823633434086 0.14609218735745863 0.2439147266868172
0 0.23137972668326595 0.5175709500318166 0.14167948165323568 0.18288632001908986
0 0.15339108206946023 0.4932243833545445 0.09277837334017516 0.10263519867918128
0 0.19303991023009556 0.3928976666931806 0.09282382513557322 0.11044769867918128
0 0.2097491246167214 0.7438970926957259 0.39812142095560193 0.4874123773869975
0 0.43643993140553033 0.45589020472627 0.08804542154477701 0.094768154678545
0 0.3264387383907309 0.2936618300445434 0.1775715298578376 0.17549199069063529
0 0.42675690095851754 0.24013793539145184 0.05496930113146821 0.04907384667409058
0 0.49901772033855424 0.3089521174013151 0.11347266842151918 0.16849655601527208
0 0.5696483829063407 0.25508277741086005 0.08495678298109546 0.100981792011454
0 0.5325983556807818 0.1773026754057694 0.04714771077238851 0.04742044000636336
0 0.46674609670379147 0.2156015593968607 0.05812157220870695 0.053797709341181485
0 0.6072473350945223 0.5014363253500902 0.7323803298109552 0.9971273492998197