0 0.5076846963664577 0.07266369863941034 0.21224439273291545 0.14532739727882069
0 0.5162619551604493 0.2317183359325486 0.15373052000387943 0.10481586401972631
0 0.29508819895153154 0.3195290606301835 0.12751870636839735 0.12792610001590835
0 0.32560423062434046 0.48261031596118364 0.16635806576151388 0.10652381468808976
0 0.46626131047068 0.42388820194145727 0.09349465060882309 0.07445565467854483
0 0.7386312916747486 0.2064530645687772 0.503570249710136 0.35552712539781517
0 0.12657602563306897 0.7171778619907732 0.07123701333591956 0.06951361600890885
0 0.41790265623801287 0.6840722712842295 0.11951501666989942 0.0872465560152719
0 0.579924681991768 0.5805280059277761 0.22828398091420468 0.1384647053628168
0 0.6922338791071317 0.42360474924414043 0.33552239606689527 0.17093285471036168
0 0.5920267139544411 0.39349108259073073 0.06501896424430509 0.05070907200827239
0 0.9017687625870134 0.28900993121423274 0.1260520590935542 0.07171246268299925