0 0.9203864270261111 0.3776976598133651 0.13840458511458992 0.20302888939893543
0 0.7583805205204781 0.42755362284972226 0.09949519780928676 0.15153029121570666
0 0.7059074237274059 0.6773461998211239 0.1251029515702104 0.12088606909549374
0 0.5352312108744244 0.7037486874032881 0.09985891066226812 0.16403029121570684
0 0.5726355856433152 0.5432577264929629 0.07120506175762475 0.08998701333591938
0 0.748771154460569 0.2217643967312124 0.3339971960934271 0.4435287934624248
0 0.3321132564012202 0.9611619299864224 0.06617056927947215 0.024106921820650485
0 0.31768600969992544 0.6801988434721231 0.0813074874635877 0.1157522878817268
0 0.39586614865458125 0.48442421574211725 0.12814904671393004 0.22557356909549373
0 0.536327327263538 0.31785898482791264 0.1517804264973858 0.34129416394474266
0 0.5828182308661771 0.4075912934624248 0.0485571719450391 0.06163887272903601
0 0.638845888163233 0.0625329179430397 0.06443823620994635 0.1250658358860794