0 0.03381612510024633 0.3955645093915402 0.06763225020049266 0.22550401878308035
0 0.1556380452168264 0.4694861235357157 0.10076070705825871 0.17856535178688587
0 0.07905223442894574 0.4459902737259962 0.06827824855010749 0.09935801285158127
0 0.05432215372033322 0.5758541872621494 0.048794542741248656 0.10946784190105419
0 0.14769087757582408 0.7191505425090765 0.12649441286711754 0.16871019072219048
0 0.21517253027047206 0.8214253083264073 0.05419243776222675 0.1190338428896375
0 0.25384394396278215 0.8488619002274614 0.05438076929603195 0.05984984387822081
0 0.3034878238369133 0.907308411596168 0.05712726099766208 0.07553851087441502
0 0.33026565662011825 0.7814462485543062 0.055708316186465365 0.15959517589344294
0 0.36751628027047206 0.8276328404553605 0.051610966806520955 0.0644100098858317
0 0.36423883753386777 0.7467820884781942 0.03189046265733601 0.0713948389353046
0 0.3339737649231324 0.60840799657714 0.04832094606059663 0.10321784190105418
0 0.23800487240095397 0.240878303877783 0.27569446515613577 0.45205588441013067
0 0.3346393835991087 0.45483732760377915 0.05061715186945541 0.09240767589344294
0 0.3626524427366043 0.09549416110187639 0.06269202199532434 0.14897601087441492
0 0.41462472675527595 0.35073475942872123 0.2126257800932013 0.42144787155854935
0 0.41916313587419385 0.7458854333449978 0.08906619046151913 0.2092423488211365
0 0.4754471794406351 0.8304633631927736 0.01976897095570589 0.055324169961944135
0 0.5694815219721023 0.8069171393530465 0.22754038507222313 0.3861657212939068
0 0.5325216991608743 0.3978564516337865 0.26620660167825144 0.7585313774900484