0 0.26015625 0.85625 0.196875 0.16875
0 0.36328125 0.71640625 0.146875 0.103125
0 0.34140625 0.78515625 0.0796875 0.06875
0 0.4328125 0.8078125 0.0859375 0.06875
0 0.1921875 0.61015625 0.384375 0.2921875
0 0.51328125 0.6015625 0.0734375 0.065625
0 0.5734375 0.7625 0.1328125 0.1359375
0 0.66328125 0.71796875 0.0375 0.04375
0 0.65078125 0.63125 0.1375 0.0796875
0 0.725 0.6078125 0.078125 0.0640625
0 0.7625 0.67421875 0.0375 0.0359375
0 0.7015625 0.7015625 0.040625 0.0453125
0 0.54921875 0.44375 0.9015625 0.509375