0 0.10686019954293399 0.4517192758642475 0.17017987510244387 0.2031203029821361
0 0.2812801567388631 0.4778595416993651 0.10364303846084474 0.14813127461060632
0 0.3588209216260593 0.718854266230829 0.12860449710451594 0.11452916442319179
0 0.5274617597154005 0.7214206397460785 0.10422523531769165 0.1606312746106063
0 0.4749809609154735 0.5661959306540207 0.0727526033908223 0.08793792069139812
0 0.26931088792272545 0.25437657759274235 0.3430524106678045 0.4640531059642723
0 0.7534764119061496 0.9675157044066971 0.0698073858558109 0.058204956584775404
0 0.7379775746453779 0.6682514903000746 0.08485449710451576 0.11325616943775678
0 0.6404004456139927 0.48284753622258175 0.13362594499482014 0.22234166442319178
0 0.48615809367091245 0.33714492814673835 0.1637929420993359 0.33400659012915473
0 0.45078998200792275 0.43207934342786 0.052765435070022446 0.06082985141192587
0 0.36032537799792796 0.09786581630997129 0.0681764193542568 0.12369356426490725