0 0.15992414524736456 0.11016065128862396 0.22702670950527087 0.21458920171816526
0 0.2823655365403964 0.23714695443169873 0.16108337452429894 0.20333744120271566
0 0.20905271193954783 0.19181012098547065 0.10126802273741298 0.11288950361804462
0 0.15725810718691235 0.2908750627540132 0.10477502471457933 0.12242827792830405
0 0.4328868013691441 0.17457279059146028 0.40922639726171184 0.32392433740295695
0 0.3741524940313199 0.44395023236000275 0.09788835475263546 0.10647572930778501
0 0.17125298711123768 0.4661992893482648 0.19663887254713258 0.19584584577069997
0 0.19857287939285273 0.5835029760284247 0.0631021778706093 0.056318599050060314
0 0.30228812840426955 0.5936359718445533 0.13069553756616062 0.1845940852552504
0 0.30946927562880044 0.6863966819304614 0.0980793557412186 0.11116322930778502
0 0.22235393619920418 0.7107991383983252 0.05366351087441492 0.05426477611928178
0 0.20675545251082655 0.6324727425367682 0.06329317885919253 0.06100609905006031
0 0.5444703112177948 0.5045037935321364 0.8266843775644105 0.9909924129357274