0 0.3890625 0.90078125 0.1609375 0.11875
0 0.07265625 0.984375 0.0828125 0.03125
0 0.43515625 0.7484375 0.121875 0.0671875
0 0.66015625 0.7265625 0.0859375 0.1
0 0.684375 0.575 0.134375 0.065625
0 0.53984375 0.59140625 0.0703125 0.0515625
0 0.2265625 0.71484375 0.396875 0.23125
0 0.9421875 0.42109375 0.059375 0.053125
0 0.66484375 0.375 0.0921875 0.0578125
0 0.4875 0.425 0.1875 0.08125
0 0.3375 0.53515625 0.2890625 0.084375
0 0.4171875 0.58671875 0.0484375 0.0359375
0 0.1078125 0.60078125 0.1046875 0.0390625