0 0.44765625 0.9203125 0.1984375 0.159375
0 0.4765625 0.7546875 0.146875 0.1046875
0 0.4875 0.82578125 0.0796875 0.0703125
0 0.5796875 0.8046875 0.0875 0.0703125
0 0.2625 0.7453125 0.415625 0.2984375
0 0.5578125 0.584375 0.0734375 0.0671875
0 0.684375 0.70078125 0.134375 0.1375
0 0.74453125 0.6203125 0.0375 0.04375
0 0.69375 0.5484375 0.1375 0.08125
0 0.75 0.49375 0.0796875 0.0640625
0 0.81328125 0.5359375 0.0375 0.0359375
0 0.77109375 0.58828125 0.040625 0.0453125
0 0.52109375 0.42734375 0.909375 0.5234375