0 0.197171996614321 0.7693995546979958 0.20760554745199236 0.2307739415410806
0 0.3225792204168668 0.6413845517950019 0.1301862015966055 0.16921666442319178
0 0.2566650603407547 0.6745895083797772 0.08494268577927463 0.0929891335443795
0 0.2177842910633828 0.5842062007787876 0.08675985376405224 0.09928459765100221
0 0.46062700155723685 0.7851990847853854 0.3664897520143473 0.41487145988348073
0 0.41567135132977534 0.46894359897115034 0.08156301779449712 0.08664820533113407
0 0.24054667593062398 0.4325838648062679 0.1624893656270503 0.15767141066226814
0 0.2709106551703774 0.33314615446056894 0.051782675893442945 0.04520485141192578
0 0.3624124056646689 0.33283025422314216 0.1062393656270503 0.15603470282385157
0 0.374009138858755 0.25271084521022663 0.07862901878308035 0.09124477711788873
0 0.29933013243296436 0.22437890822149265 0.043970175893442945 0.04497753087881238
0 0.28094222977122596 0.2913989236608988 0.0534725098858317 0.048375315518548415
0 0.5750317638773454 0.4574594958433649 0.6719385277546909 0.9149189916867299