0 0.6797750491064956 0.08008944142644692 0.24839440990138845 0.16017888285289383
0 0.6240177471573309 0.23178728600892376 0.18532166558343127 0.15119903855474384
0 0.6225858863624382 0.14975603600892376 0.10317163879807012 0.09632585475263547
0 0.5156773672877146 0.16114847524823958 0.11257391233702041 0.09827035672980182
0 0.8001187767853611 0.2697780814465688 0.39976244642927766 0.41479991802195854
0 0.5052246570587193 0.4133158117120863 0.09686709172016936 0.09294618676785796
0 0.38145810024158605 0.26512500391715166 0.17810918344033883 0.18525570357377186
0 0.3015990507280534 0.34812318771926 0.05098184740221221 0.05828734387822054
0 0.3476848924482227 0.4353711783277198 0.17076824188232517 0.12250103558899425
0 0.275147419233584 0.48992602714885625 0.1015000446422687 0.09001218775644108
0 0.2108434115229462 0.4339107904947291 0.0492557061685102 0.04884867688202625
0 0.26619338473758497 0.380056278631731 0.05569662094116259 0.060040844866803764
0 0.5021136992686513 0.5921265612177947 0.9957726014626973 0.7813718775644105