0 0.36015625 0.8875 0.184375 0.115625
0 0.05703125 0.95859375 0.1140625 0.0828125
0 0.425 0.7421875 0.1453125 0.065625
0 0.40390625 0.8078125 0.0796875 0.046875
0 0.5140625 0.828125 0.090625 0.028125
0 0.525 0.94375 0.1078125 0.03125
0 0.63828125 0.74765625 0.134375 0.0875
0 0.72734375 0.68984375 0.0984375 0.03125
0 0.7515625 0.65625 0.046875 0.0390625
0 0.80234375 0.61484375 0.059375 0.0390625
0 0.69609375 0.5921875 0.1328125 0.028125
0 0.73671875 0.56015625 0.0515625 0.0359375
0 0.6671875 0.56328125 0.059375 0.01875
0 0.5484375 0.58984375 0.0859375 0.0296875
0 0.2125 0.67421875 0.40625 0.18125
0 0.4171875 0.58984375 0.075 0.0328125
0 0.10078125 0.56796875 0.1453125 0.0359375
0 0.33046875 0.52265625 0.3453125 0.1296875
0 0.66796875 0.51640625 0.1734375 0.0515625
0 0.74140625 0.46875 0.046875 0.0109375
0 0.78359375 0.38828125 0.4328125 0.1453125
0 0.3484375 0.42265625 0.6859375 0.134375