0 0.5326494867699428 0.8495079631253363 0.7397004706353831 0.3009840737493274
0 0.24725791212005577 0.5643784823189728 0.3190925641014079 0.26371184680136184
0 0.3276239623677248 0.4712401235365669 0.24535965756743253 0.1853576178365838
0 0.41243991811591185 0.40035917700697715 0.1677397717116218 0.12386310694082034
0 0.08440061703967325 0.4751963779760423 0.1688012340793465 0.28164275595208466
0 0.767185114353586 0.6595199176238232 0.4084803957806084 0.24348646413374234
0 0.6173778211352304 0.47660959261398794 0.12311647642635144 0.10205380891829172
0 0.8174869830458892 0.48825120500269004 0.1977526033908223 0.09948581981405517
0 0.8639831474377473 0.44917763334704935 0.17082623035529282 0.08981588887180578
0 0.956564445618502 0.548139293254077 0.04407963978475209 0.04357503737886681
0 0.970956585403254 0.5083883784033709 0.018351893713693813 0.026201867080279228