0 0.76328125 0.35580296608517975 0.4734375 0.6809631243066724
0 0.6960441205308302 0.7331717966474229 0.2774660754848197 0.3282232545523467
0 0.4102904379045656 0.19856214977520842 0.27995587580913117 0.3813937186589692
0 0.5414520779171564 0.7341396000917776 0.21499334902377001 0.3279671902874391
0 0.36110251014297445 0.46730613809672594 0.11490007142762995 0.14077341567683313
0 0.2792295783274888 0.07137386097883724 0.07641822402541773 0.08343227711788867
0 0.26895810024158606 0.2881521840192331 0.11275691882984215 0.19693248746358769
0 0.2345421899331605 0.28480822367353414 0.07761825973923261 0.15218227711788873
0 0.2014160442352316 0.2658847274344578 0.06597164772652384 0.11123902837152996
0 0.21490402556754526 0.09917460055399598 0.06747960064862309 0.10815949247815262
0 0.18069266680124726 0.10754939020829699 0.06424550649282175 0.10181856426490725
0 0.14394664326229695 0.10491848370266399 0.04319662094116259 0.05904003087881238
0 0.14266656128136018 0.16578778754272996 0.04147047970746054 0.049619566772189705
0 0.6869124025911972 0.9152076032591342 0.2750660040571898 0.16958479348173155