0 0.3328125 0.80546875 0.665625 0.3890625
0 0.715625 0.66328125 0.2734375 0.2203125
0 0.1765625 0.475 0.353125 0.2125
0 0.7 0.51875 0.2828125 0.1578125
0 0.434375 0.38984375 0.1171875 0.0890625
0 0.05625 0.371875 0.075 0.0625
0 0.259375 0.3296875 0.1734375 0.078125
0 0.253125 0.2984375 0.134375 0.053125
0 0.23125 0.2703125 0.096875 0.046875
0 0.078125 0.30703125 0.09375 0.0484375
0 0.0828125 0.27421875 0.0875 0.046875
0 0.0765625 0.240625 0.05 0.03125
0 0.1328125 0.23046875 0.040625 0.0328125
0 0.91171875 0.6265625 0.1765625 0.2375