0 0.7993371491701631 0.3301760510036411 0.40132570165967396 0.6603521020072822
0 0.7054816666153171 0.6991492179791985 0.2594038464801596 0.2973561827542902
0 0.4896456083030142 0.16635414238078616 0.2574162166060283 0.3327082847615723
0 0.5553865782330347 0.6824577697006299 0.19448924150113758 0.30443950725639424
0 0.41087402594401645 0.4086433021847674 0.1063469336130419 0.1283829495445131
0 0.37526103174358655 0.02845483829710214 0.07239706348717308 0.05690967659420428
0 0.3423338230349427 0.2277405317663474 0.10123430373891082 0.18430556733052797
0 0.3089293271841275 0.2210738695152954 0.07003092531467221 0.14269842068857255
0 0.27902833963168217 0.1986185161572508 0.059258446060596624 0.10336310217691821
0 0.3108792230302983 0.04510290771580569 0.06058414772027056 0.09020581543161138
0 0.27680022095570583 0.04608009251586239 0.058548051039618444 0.09216018503172478
0 0.24183322510489075 0.03855403539454449 0.03683807178554286 0.054270837748947975
0 0.2329327444009226 0.09683032686435675 0.039252676764564676 0.0450049651536097
0 0.6746730649602876 0.8921378153467934 0.2647048078880957 0.18222225607526782