0 0.8419029852792702 0.6540804327406741 0.30455640026368125 0.6918391345186519
0 0.5723425530022915 0.29562943032477806 0.2081086664125003 0.29770340273485507
0 0.4639293345374303 0.3462675459268124 0.14102896276527802 0.22984648091420468
0 0.37486552811666635 0.40631248349927845 0.09259015634451409 0.15883260818516848
0 0.5335742597836457 0.11165317198982835 0.24535148043270852 0.15570709243335296
0 0.5387019840449994 0.8069507280392667 0.17082948480111143 0.3860985439214666
0 0.4594469758768742 0.9887428619781904 0.06231946846486114 0.02251427604361922
0 0.3980627195117009 0.6203270571367001 0.08063436379145852 0.1141897878817268
0 0.36072245440972156 0.8121798462263747 0.06065047853284735 0.19365414727484306
0 0.3130109998125688 0.8442909734973387 0.05534472948277784 0.16670901000193972
0 0.38406576937986026 0.9690044468254996 0.03655705547083343 0.061991106349000805
0 0.33931631383277694 0.9768488977338852 0.02205814437666671 0.04630220453222975