0 0.1490487640435889 0.32109375 0.15205449069063529 0.1765625
0 0.4496647400143175 0.10546875 0.31807948002863495 0.2109375
0 0.6625578280553611 0.4078125 0.18508516669318062 0.1953125
0 0.546615749403224 0.51484375 0.07907042934436319 0.08125
0 0.1877043734086329 0.5546875 0.2752919960216354 0.159375
0 0.44122136676476825 0.72265625 0.19167951734563574 0.090625
0 0.7396128660884506 0.6515625 0.20167268268618094 0.14375
0 0.8151952161043589 0.76875 0.08884541868236298 0.115625
0 0.7362986041135857 0.83671875 0.08662839067472686 0.059375
0 0.1938100174251776 0.6765625 0.14349655601527203 0.1125
0 0.29751682009863184 0.7265625 0.09142497867599957 0.06875
0 0.34018503075267786 0.63359375 0.14155224801081764 0.0796875
0 0.8026203014003606 0.49375 0.06658861067790837 0.0828125