0 0.16640625 0.63671875 0.11875 0.1515625
0 0.4421875 0.89296875 0.2703125 0.2140625
0 0.6609375 0.58828125 0.1484375 0.1609375
0 0.55703125 0.478125 0.0640625 0.0671875
0 0.21640625 0.41640625 0.24375 0.109375
0 0.4671875 0.2734375 0.1734375 0.0578125
0 0.74765625 0.3609375 0.1734375 0.1078125
0 0.8265625 0.25390625 0.0671875 0.1
0 0.7546875 0.18359375 0.075 0.0453125
0 0.228125 0.30078125 0.1203125 0.0859375
0 0.33046875 0.259375 0.078125 0.053125
0 0.365625 0.3515625 0.1265625 0.0546875
0 0.8 0.515625 0.05 0.071875