0 0.2788347464655968 0.8106584260423162 0.19093270060802237 0.16308289735836254
0 0.11847413289007487 0.4866107566836356 0.23694826578014974 0.3325965133672712
0 0.43382326578014974 0.3255123613939972 0.21101970752810448 0.1961135733609078
0 0.5209810730807928 0.4500225600731785 0.08931185079830276 0.08381247334499946
0 0.5082184989370548 0.801603241406724 0.18776789133021304 0.2770544906906352
0 0.7049183798871443 0.5780037514321773 0.11245487353571573 0.1918431493475449
0 0.6787020256659815 0.28146455876031384 0.16296420950527093 0.20492495202099903
0 0.8030282050194655 0.22272645277685857 0.1225700197716634 0.0951317813494538
0 0.8558720207230657 0.30697473078449455 0.06919035178688589 0.08826361600890867
0 0.6258370804579856 0.8115696820894049 0.1262335306460784 0.14671246268299926
0 0.6890639337277463 0.7177293227641319 0.0771938527754692 0.09304202267663583
0 0.6052592781002584 0.6643855994191324 0.09641869665368966 0.14324201734563574
0 0.5358234589737982 0.20085835407381478 0.08717634783255335 0.069731792011454