0 0.9364389654814907 0.7845059340320562 0.12712206903701856 0.1959033130679506
0 0.6217073570172269 0.9320805616202085 0.335572020905513 0.135838876759583
0 0.39799205205202115 0.6262587088485589 0.20420019454068408 0.21520127667402048
0 0.5268689389966635 0.5247412123632156 0.0878177893919517 0.08979455417661039
0 0.8851771787556686 0.5234935053721743 0.22964564248866282 0.17116448635114895
0 0.6478129576242765 0.31377594127076636 0.21161931043863902 0.10179374813797323
0 0.31970263915195535 0.3522539745643246 0.22279900512049755 0.15997012117350246
0 0.23926543927901225 0.21527620533390227 0.09937691567207611 0.12773120181924558
0 0.32822995776545083 0.15085629445670076 0.09582771046687402 0.06679370181924557
0 0.918223439137838 0.3949340117823151 0.15682539462538897 0.12417386228216235
0 0.805162726040128 0.3265585392849051 0.10115224729857672 0.07794952564056316
0 0.7569898075254544 0.422485315339753 0.15629477360693614 0.0883091368892682
0 0.24580094952000725 0.5147667830841612 0.07237479991529536 0.09219180810555194