0 0.159375 0.61875 0.1265625 0.15625
0 0.421875 0.8875 0.28125 0.225
0 0.65625 0.596875 0.15625 0.16875
0 0.5578125 0.48125 0.0671875 0.0703125
0 0.22109375 0.4015625 0.2484375 0.121875
0 0.47890625 0.271875 0.1765625 0.065625
0 0.7546875 0.37421875 0.178125 0.115625
0 0.8390625 0.27109375 0.071875 0.103125
0 0.77109375 0.19765625 0.0765625 0.0484375
0 0.2390625 0.28671875 0.125 0.0921875
0 0.34296875 0.25078125 0.0796875 0.05625
0 0.3734375 0.34453125 0.128125 0.0609375
0 0.7984375 0.53125 0.053125 0.0734375