0 0.1907511627392283 0.31472904129135615 0.16327490363849115 0.1960965178461394
0 0.5365667386274605 0.1449315624614878 0.3299915227450789 0.23208432988341993
0 0.7094197719210188 0.4904486624661322 0.19674237510244375 0.21264540041956295
0 0.5734758097626909 0.5812843821724382 0.08510705417661057 0.08896925684847723
0 0.1957317994236087 0.5612847325780679 0.2887457845319033 0.18224935062934441
0 0.43265594892827064 0.7768076018787442 0.2010959272121397 0.10554329544054113
0 0.7519902998378934 0.754748883421838 0.2115283130679506 0.1623852912913561
0 0.8131738947516602 0.8887462977388481 0.09459337014004525 0.1254987526992924
0 0.719601523163873 0.9451603958693926 0.09041098428423418 0.06913035352912936
0 0.18202455624803426 0.6872552367272527 0.1489897717116217 0.12339272365499827
0 0.2822385719638 0.7575695819580124 0.09546235731976357 0.07729805103961844
0 0.3412925483901514 0.6679635529137181 0.14902400496239868 0.09069862282516113
0 0.8421530351555852 0.6032115394404783 0.06962760339082194 0.09091026514684693