0 0.10590106293712895 0.21775271946287017 0.15784990319801268 0.28867010367592566
0 0.21503010236113215 0.050827642554397735 0.2488102047222643 0.08579796484472176
0 0.34697551483072286 0.18184177964217527 0.16342721662612103 0.17359190782296263
0 0.44618517447164335 0.18895979547638803 0.056713608313060604 0.08460873732333325
0 0.6042749304235716 0.25042285018907295 0.17344763212077385 0.28534961404351816
0 0.5955261234383711 0.08880184500527663 0.10041815651766228 0.0806238663525924
0 0.8708897378015557 0.17536122747490573 0.10672269867214013 0.09054567049962943
0 0.8202044574527388 0.3216313432618503 0.05198065651766228 0.07638613421305544
0 0.9009459182251274 0.37554644665495196 0.04251475292686635 0.05994092799249984
0 0.9788022317514316 0.39963734901129444 0.04239553649713699 0.16632762902925916
0 0.9161896440246305 0.4455951065041649 0.13525676483072288 0.16331878916129608
0 0.973566327669656 0.5099596943458777 0.048819295081344194 0.0698627321395369
0 0.857991324644594 0.5084375676256927 0.05365224082661797 0.09527283524981485
0 0.9012327854169826 0.5590718461365723 0.0473022468767418 0.0775385311027776
0 0.8115173422057914 0.8416998354861558 0.08652837334017534 0.10908105702175916
0 0.916191206667172 0.848515054949026 0.08029655405833439 0.11165925287472192
0 0.8036644564707803 0.9463581199343742 0.12113063231716552 0.10728376013125143
0 0.6193389325648709 0.7932297560322681 0.29170779449216866 0.41354048793546383
0 0.3920133632830302 0.7873618819039813 0.28384075233769107 0.4252762361920375
0 0.09161390836437415 0.8489931575401387 0.1745192527304745 0.20111131508027746
0 0.049866249018041355 0.652470180584398 0.09356923458010188 0.24556536116879607
0 0.10326291802873563 0.435379716870972 0.20328966822512737 0.314509433741944
0 0.30087371623333753 0.44485989802101794 0.2689783007386847 0.33118837728583284
0 0.9051834454506864 0.6931440497652298 0.18963310909862727 0.3668142275213885
0 0.9955720961146163 0.4956039598972666 0.008855807770767398 0.10251940725731465