0 0.4537475263750289 0.7173050945085073 0.20349101298564348 0.20465505167111112
0 0.4708879821365019 0.9321618026210418 0.2181341655834313 0.13567639475791643
0 0.7971279646899269 0.6551753025241327 0.40574407062014634 0.3299499116628475
0 0.14515022767557037 0.441481598023889 0.2786273806803952 0.214213196047778
0 0.11136911160237646 0.6984030920399654 0.1226307508107789 0.13561280452090294
0 0.25653241801906324 0.06688360115802104 0.12488299756436802 0.08568553970326398
0 0.7455949180190633 0.07826665719753534 0.08285913879807012 0.09407861474138897
0 0.6251460503243116 0.06765385267663247 0.1721671006486231 0.1102140674386807
0 0.7400069857932452 0.3397490178548617 0.2390387751605081 0.2726426386770836
0 0.8825864034085666 0.09707382142583407 0.10651482710967279 0.10712412860909733
0 0.23017720737973563 0.9690961453265974 0.23393071509696392 0.06180770934680524
0 0.9723303364418683 0.9263632375539939 0.05533932711626335 0.0938240416031249
0 0.9380151302750057 0.3998910033215633 0.12396973944998849 0.19360714247680563