0 0.9461812399042036 0.765576839348798 0.10763752019159298 0.3129674746466666
0 0.7222422752832329 0.8502128453810661 0.19013420456235508 0.195681521300833
0 0.6144616087813303 0.8604264669174547 0.06769151878308026 0.0946672425071295
0 0.43697859592974897 0.8147994830344916 0.2074728962731287 0.31552512959490714
0 0.14822911372424613 0.9247375769084722 0.11441000988583175 0.05671747464666623
0 0.1987172505686537 0.7784100895851392 0.06431185079830275 0.08814384043361105
0 0.10827132269804438 0.7330086981620372 0.051047846843970034 0.06830023213953709
0 0.037226652241808864 0.7211914948162037 0.022883037566160634 0.1794920103675926
0 0.0964942228883248 0.6556355538642131 0.14600220258518867 0.18247889227157382
0 0.03919637604435475 0.596357590150787 0.032679848821136406 0.07603481969842588
0 0.1537217910633828 0.5784975639489817 0.06344968775644108 0.10519463939685174
0 0.10390086319277347 0.529541945570139 0.05493685079830275 0.08732363421305536
0 0.1979440459691176 0.20142792455213 0.10308519072219058 0.12267466531583313
0 0.08310029596911761 0.2114754507539353 0.09546369171077376 0.12667866013203682
0 0.20318334980971958 0.07231520593773161 0.14074169961943914 0.14463041187546322
0 0.4058029669196447 0.22802867224305579 0.3428559338392894 0.45605734448611157
0 0.6596773834215475 0.21483188696960695 0.3363512658545119 0.4296637739392139
0 0.9432380054372075 0.08240735659713047 0.11352398912558499 0.16481471319426094
0 0.9906806912164822 0.27311664580490935 0.01863861756703571 0.2555856186616666
0 0.9316651299615064 0.5239655377936592 0.13666974007698726 0.3385334026391664
0 0.7688666299986874 0.551336556502594 0.3173227401513493 0.3749575011312958
0 0.11047983254669506 0.383135837276065 0.20491558205240348 0.40560332544787003