0 0.26015625 0.928125 0.265625 0.1265625
0 0.04609375 0.84453125 0.0921875 0.2390625
0 0.1734375 0.69453125 0.14375 0.146875
0 0.159375 0.5984375 0.075 0.0484375
0 0.18828125 0.4359375 0.2578125 0.1421875
0 0.03046875 0.4640625 0.0609375 0.09375
0 0.0578125 0.1859375 0.071875 0.0984375
0 0.2125 0.2171875 0.06875 0.0453125
0 0.24921875 0.13203125 0.053125 0.0375
0 0.253125 0.03203125 0.15625 0.0640625
0 0.31640625 0.109375 0.1375 0.11875
0 0.3671875 0.04609375 0.0609375 0.0421875
0 0.3890625 0.159375 0.084375 0.0421875
0 0.43046875 0.11015625 0.0703125 0.0375
0 0.728125 0.165625 0.09375 0.075
0 0.7140625 0.06328125 0.0984375 0.06875
0 0.8546875 0.15859375 0.1296875 0.1046875
0 0.7671875 0.35078125 0.465625 0.2328125
0 0.78515625 0.57890625 0.4296875 0.2328125
0 0.89375 0.89296875 0.1625 0.2140625
0 0.70390625 0.9484375 0.2265625 0.103125
0 0.47578125 0.90859375 0.2796875 0.1828125
0 0.4421875 0.71015625 0.284375 0.2359375
0 0.9609375 0.14296875 0.078125 0.1390625
0 0.975 0.07734375 0.05 0.0796875
0 0.5609375 0.0828125 0.334375 0.165625
0 0.346875 0.0125 0.096875 0.025