0 0.9822587155007056 0.8009364249255126 0.035482568998588704 0.1524079797074606
0 0.8645174310014114 0.7273234212720647 0.18764782467404081 0.19071827759614024
0 0.8610185097359373 0.616413194811015 0.09179776217486477 0.06876936525911966
0 0.7969718262955986 0.4393518628300783 0.31289328652459397 0.20696266071216735
0 0.9675262394466932 0.43785972646764026 0.06494752110661359 0.11687958279171565
0 0.8924074626613319 0.13134271956778137 0.0974125624991764 0.12197618587597074
0 0.7263245409888207 0.19754223823546777 0.08387616801906325 0.06238299756436803
0 0.6677386992686514 0.10947522240715517 0.06493525324641088 0.051118215096963925
0 0.6411295604705813 0.024119743914215334 0.1853841209411627 0.04823948782843067
0 0.5877921006486231 0.09602242289362252 0.17775462743398443 0.16086713636243807
0 0.5179647958600847 0.03550370860743747 0.07759889448011296 0.060711403408566664
0 0.5148006599013885 0.16763041599376366 0.10265344155801355 0.06427278003177213
0 0.4592813169634031 0.12092873985702557 0.08691934740221222 0.0577500446422687
0 0.1355183088457282 0.24224027272817145 0.11737050649282174 0.10201824188232518
0 0.13111540665497753 0.12431243303659696 0.12348413879807008 0.09431483603812651
0 0.038080247157330924 0.2564448689125677 0.06956029788867957 0.1371102621748646
0 0.20622409537032205 0.4426300105533068 0.4023024342511176 0.3178649788933864
0 0.22009922929712816 0.7002788693196047 0.38492401947846533 0.3066274699649327
0 0.549503905837608 0.9469497232179341 0.31090231818121905 0.09290016071216733
0 0.5648816696373258 0.7981985775200051 0.36167743425111765 0.31715586688067743
0 0.3060199492686514 0.1201800864451636 0.40266489853730275 0.2403601728903272
0 0.5338119383116027 0.008340785310073155 0.11449887662320535 0.01668157062014631