0 0.34651829586474825 0.5496868109883734 0.1815371103776066 0.1815371103776066
0 0.1285262350768676 0.5866343943962782 0.18127700124939988 0.19860621120744354
0 0.3270989867272528 0.20659169688578913 0.30107297345450557 0.41318339377157826
0 0.6425807701444464 0.7653305086993551 0.1892563672260838 0.2629055095477696
0 0.42688583778080436 0.8429622916923414 0.1185150468904336 0.10840634108157446
0 0.939812812885695 0.8512391622191956 0.10243976099766243 0.08077824855010718
0 0.9535978433682708 0.5746640842098755 0.09280431326345848 0.11527164772027057
0 0.8445232850675788 0.15365468981359728 0.08189046265733602 0.07611405933798818
0 0.9328161904615191 0.13674968711430494 0.06290366431700996 0.07156826929603186
0 0.9020416323729308 0.2490846663683805 0.1534354211654872 0.15921182448483523
0 0.6198910605873881 0.2170347186573988 0.23968149710021508 0.2107994805034755
0 0.8036120973053521 0.04261874957579274 0.09557445435896632 0.08523749915158547
0 0.12791461889969097 0.8066867852680716 0.14039189212119313 0.21259693361304172
0 0.057317437762226794 0.11351712572494625 0.0948174377622268 0.12369945435896632
0 0.527321361827499 0.05535831576225816 0.1827677236549981 0.11071663152451632