0 0.4265625 0.675 0.159375 0.159375
0 0.403125 0.9046875 0.178125 0.190625
0 0.77578125 0.6734375 0.4125 0.253125
0 0.2015625 0.4015625 0.2390625 0.159375
0 0.1390625 0.61484375 0.0953125 0.10625
0 0.1015625 0.1203125 0.0703125 0.0921875
0 0.3671875 0.08515625 0.103125 0.09375
0 0.30390625 0.02109375 0.0703125 0.0421875
0 0.7796875 0.17265625 0.065625 0.0734375
0 0.79140625 0.08671875 0.0625 0.0546875
0 0.684375 0.12265625 0.140625 0.134375
0 0.73125 0.39296875 0.184375 0.215625
0 0.89375 0.20625 0.0828125 0.084375
0 0.190625 0.90078125 0.1953125 0.1171875
0 0.6109375 0.984375 0.103125 0.03125
0 0.86328125 0.94453125 0.1109375 0.1109375
0 0.9234375 0.471875 0.153125 0.1625