0 0.6076039057967124 0.27634779528890807 0.22089613477870315 0.21495568401734033
0 0.6421669590952777 0.07294686340829344 0.23093551611703678 0.14589372681658688
0 0.25184262987773093 0.25780698179591005 0.45357051668268455 0.35131593117474297
0 0.8478338541001615 0.5998630770707007 0.3043322917996768 0.22942697867096395
0 0.9301808262963418 0.36435124032370236 0.13335788708777763 0.1383484104104042
0 0.9502723360518036 0.9081313324029597 0.0994326549482409 0.08818181043863901
0 0.6502723360518037 0.9256043426439546 0.13380765494824054 0.09018392619541978
0 0.18837934585374844 0.8158763580054472 0.09087786116879615 0.09701077886860787
0 0.17280215546740565 0.907085186930525 0.08005793836009252 0.06218075256024882
0 0.2956832893976372 0.8755860159967771 0.18921690782296263 0.1726925893072469
0 0.2517707367112026 0.5711183238751674 0.26087587728583284 0.2810202997741211
0 0.08998151060393371 0.7682116737057582 0.05447146946287016 0.10732665258848365
0 0.8810739884778703 0.06306472272915864 0.2378520230442593 0.12612944545831728
0 0.08856881621157316 0.47383234214984454 0.11015412441111075 0.19296031570031094