0 0.4359375 0.678125 0.1546875 0.1546875
0 0.4234375 0.90859375 0.171875 0.1828125
0 0.784375 0.65859375 0.4078125 0.234375
0 0.196875 0.4171875 0.2359375 0.15
0 0.1453125 0.63359375 0.090625 0.103125
0 0.0828125 0.14140625 0.065625 0.090625
0 0.34609375 0.09296875 0.1 0.0890625
0 0.278125 0.02578125 0.06875 0.0515625
0 0.7625 0.15859375 0.0625 0.071875
0 0.76953125 0.07265625 0.059375 0.053125
0 0.6640625 0.11328125 0.1359375 0.1296875
0 0.72578125 0.38125 0.1765625 0.209375
0 0.87734375 0.1859375 0.0796875 0.08125
0 0.2125 0.91640625 0.1921875 0.109375
0 0.6375 0.98203125 0.1 0.0359375
0 0.8875 0.93515625 0.103125 0.1296875
0 0.9234375 0.44921875 0.153125 0.1546875