0 0.2984375 0.94765625 0.2578125 0.1046875
0 0.05703125 0.88515625 0.1140625 0.2296875
0 0.19140625 0.72265625 0.1328125 0.1359375
0 0.16953125 0.62734375 0.071875 0.0421875
0 0.18359375 0.46328125 0.2484375 0.1203125
0 0.028125 0.50546875 0.05625 0.090625
0 0.03203125 0.22578125 0.0640625 0.09375
0 0.1890625 0.24296875 0.065625 0.0390625
0 0.21796875 0.15546875 0.05 0.0328125
0 0.2140625 0.05234375 0.1515625 0.0578125
0 0.2828125 0.1265625 0.1296875 0.109375
0 0.328125 0.059375 0.059375 0.0375
0 0.36015625 0.1703125 0.0828125 0.0359375
0 0.396875 0.11796875 0.06875 0.0328125
0 0.6984375 0.146875 0.0875 0.06875
0 0.675 0.04609375 0.09375 0.0609375
0 0.8234375 0.12890625 0.121875 0.0953125
0 0.7640625 0.328125 0.471875 0.19375
0 0.7921875 0.5546875 0.415625 0.1984375
0 0.92890625 0.878125 0.1421875 0.24375
0 0.74453125 0.94375 0.2171875 0.1125
0 0.5125 0.91484375 0.265625 0.1703125
0 0.4609375 0.7140625 0.2671875 0.2140625
0 0.94765625 0.103125 0.1046875 0.1296875
0 0.95703125 0.03671875 0.0828125 0.0734375
0 0.52421875 0.07421875 0.3234375 0.1484375
0 0.3046875 0.01796875 0.0953125 0.0359375