0 0.9174602191603249 0.6755470745810391 0.12448416714519332 0.305080884102045
0 0.855570310452652 0.8849822587395538 0.22567461179556503 0.07707625241907437
0 0.7053644685273527 0.8103070243833951 0.181056570958725 0.1836300893072469
0 0.6043823218853973 0.8442563611303934 0.06555556733052796 0.09114021046687384
0 0.425376868164533 0.835190716222656 0.19559527531256152 0.28739212613895015
0 0.19134660854588617 0.8612960028425973 0.05897818511654278 0.08140118942018652
0 0.09623500518784157 0.8387678264354161 0.04905754809323424 0.06523015785015573
0 0.07064479438021916 0.7726191816688532 0.14128958876043832 0.17078147881213823
0 0.01009791938021915 0.7285576395048912 0.0201958387604383 0.06855257892507768
0 0.11249246616510003 0.6857870396037132 0.059578385842182204 0.09858868942018653
0 0.056016776872205985 0.6508729842855716 0.05278274881887364 0.08259966837349922
0 0.08765124510585856 0.32547116588383757 0.0960069591631599 0.11474431043863911
0 0.011113570873906985 0.35763819475244557 0.02222714174781397 0.11284861049510883
0 0.06812497350631216 0.19250674743975124 0.133417679126093 0.15902493145709165
0 0.2819940113479274 0.26005826848643865 0.3258730854715132 0.5201165369728773
0 0.5247916357573642 0.21858485807603442 0.3191667284852716 0.43716971615206884
0 0.8401587193299609 0.05931002666129509 0.23843256134007831 0.11862005332259018
0 0.9184225846689051 0.20145712719775757 0.13071431977759856 0.2602234104104042
0 0.8863367378494644 0.4504784561228353 0.20331849527549473 0.32994364718563746
0 0.6966814716073957 0.5231178375234572 0.3007391322988031 0.351210973409292
0 0.06017360816736802 0.08707579479479789 0.12034721633473604 0.10084841041040422
0 0.0076116033580445955 0.08231197106080483 0.015223206716089191 0.05412605787839033
0 0.06530999755292928 0.5130467605939308 0.13061999510585856 0.3801564788121382