0 0.49435693832137206 0.34827350213672575 0.21463581121958608 0.20999516823232484
0 0.48252584439020707 0.1277944021649606 0.23807331121958591 0.2113602471574026
0 0.19472295545031346 0.4110949366481763 0.3894459109006269 0.37218987329635256
0 0.7668066678584508 0.5878567308076896 0.29585386031120037 0.23338643657758915
0 0.7987095984730929 0.36050527553190037 0.13077125212603188 0.13513240514873237
0 0.8995403220911179 0.8561957490823667 0.07924070303441724 0.11347023677523324
0 0.6439762351177768 0.9378156023202525 0.13469347758022465 0.12436879535949501
0 0.7181951140557306 0.9810303996400055 0.0778060066679597 0.03793920071998898
0 0.20889973345078677 0.9219407023626047 0.0916451081851685 0.09397678413027961
0 0.20987255996314635 0.9870134235645839 0.07987868969849785 0.025973152870832194
0 0.31440043435917236 0.9330462603821694 0.1858094384905499 0.13390747923566124
0 0.22477905133833254 0.688946191839261 0.25711009576733285 0.2731167945124492
0 0.08609996223895945 0.9069387866905286 0.11010806576151386 0.11060284200867017
0 0.7006220112098877 0.10046387564483986 0.23313097758022466 0.1317637524190744
0 0.26122467136160854 0.06937714448421434 0.11332891848667064 0.05480786831702944
0 0.04017871878623301 0.15489189732681177 0.08035743757246602 0.13478379465362353
0 0.06051589112626855 0.6384625314994439 0.1210317822525371 0.20321454721387228