0 0.9561347889609735 0.9724836029276513 0.08773042207805304 0.054334147720270565
0 0.9057692445232167 0.8334677245034128 0.1884615109535666 0.10961548880184538
0 0.979791766230829 0.767275884671238 0.04041646753834201 0.08887416846619497
0 0.9204107545523466 0.672270115375206 0.15917849089530697 0.1320107070582587
0 0.471133764052751 0.9817622533239924 0.15967652837152996 0.03647549335201532
0 0.5810195779219468 0.920215904992955 0.11500052586424747 0.09446224025173784
0 0.5629549218785321 0.5672801591421399 0.1575804824490227 0.16472811867597628
0 0.667946298758994 0.5588658531281441 0.09248902837152997 0.0709296518694554
0 0.5852127036152744 0.4481399954498298 0.1893927721033238 0.13283950124939992
0 0.32411607924209507 0.4228985840326048 0.22854620031656916 0.1389244805034755
0 0.4647253927155795 0.19189980561301057 0.18626777210332363 0.13260270290907378
0 0.4522361014119258 0.08415816059203242 0.16697220282385156 0.11243191286711751
0 0.5661251051728495 0.060047999599014676 0.09475021034569905 0.04147895020978143
0 0.16594691191590932 0.15756681411187298 0.09497753087881237 0.04929145020978147
0 0.17329875917120002 0.08874595913285113 0.07167642319868044 0.05220296265733606
0 0.9830040312745238 0.49112778176680844 0.03399193745095239 0.059446777594401645
0 0.6828305350354474 0.21310398985075238 0.07190374373179384 0.06001546265733602
0 0.5632517532321983 0.7918065624614877 0.07342077962517113 0.058571361827499044