0 0.9875 0.8921875 0.025 0.128125
0 0.92109375 0.87265625 0.0671875 0.10625
0 0.79375 0.8640625 0.0328125 0.0796875
0 0.678125 0.840625 0.0640625 0.1703125
0 0.625 0.92734375 0.065625 0.08125
0 0.54453125 0.86953125 0.0859375 0.1453125
0 0.91875 0.60859375 0.0390625 0.0703125
0 0.834375 0.45078125 0.084375 0.128125
0 0.74609375 0.55 0.0640625 0.0890625
0 0.453125 0.56875 0.1171875 0.1171875
0 0.446875 0.6578125 0.046875 0.071875
0 0.3546875 0.59921875 0.0859375 0.1484375
0 0.33125 0.3828125 0.0859375 0.18125
0 0.13984375 0.52265625 0.0859375 0.1453125
0 0.05078125 0.5234375 0.0734375 0.13125
0 0.02421875 0.621875 0.040625 0.0765625
0 0.10859375 0.27578125 0.028125 0.0765625
0 0.0515625 0.2890625 0.034375 0.05625
0 0.88671875 0.284375 0.075 0.1078125
0 0.39375 0.95859375 0.04375 0.0828125
0 0.30390625 0.98125 0.0609375 0.0375
0 0.16015625 0.70390625 0.040625 0.0546875
0 0.6390625 0.54765625 0.0390625 0.0578125
0 0.98125 0.58203125 0.0375 0.0546875