0 0.0283561323411542 0.1846781078642729 0.0567122646823084 0.0537312157285458
0 0.07442845761021384 0.3124992709761002 0.14885691522042768 0.10624854195220043
0 0.004640342432567401 0.3772905420933748 0.009280684865134801 0.07958108418674961
0 0.05943485029045026 0.46181673151356134 0.11886970058090052 0.12363346302712266
0 0.4661108434660247 0.10078458113239064 0.1599272717116218 0.12150952090551304
0 0.36474093445085004 0.20846900753957193 0.11330482878371625 0.0907453683170294
0 0.3737134042621729 0.5372233390954856 0.15535108767505648 0.15708299985882554
0 0.2750746970662438 0.5526292602409951 0.09048375889134012 0.06915879465362344
0 0.3496508579434453 0.6501937759554235 0.18365587014004517 0.12912459983059071
0 0.5937283436754217 0.6573593467762319 0.21981169396136266 0.13590522084904322
0 0.457848539913096 0.8836726758424838 0.18053087014004526 0.1289425893072469
0 0.46665415157608575 0.9633854787415512 0.16083480024766902 0.07322904251689763
0 0.3603656102197569 0.9956673577230987 0.09200771753501132 0.00866528455380262
0 0.7369731137344135 0.8952296150509088 0.09102741439185813 0.04737479991529554
0 0.7276665802359676 0.9604905940042215 0.06937073821317571 0.050788226251889765
0 0.6467465674111768 0.05725293096298144 0.1283818651776464 0.04643392619541977
0 0.25368757878822545 0.8772652391943077 0.06966183664159917 0.05703822625188941
0 0.37796006431080487 0.3283110706796341 0.07278683664159917 0.057220236775233246