0 0.93984375 0.85078125 0.071875 0.109375
0 0.8125 0.8484375 0.0359375 0.08125
0 0.69609375 0.83125 0.071875 0.1734375
0 0.64765625 0.9203125 0.06875 0.084375
0 0.56328125 0.8671875 0.09375 0.1484375
0 0.92421875 0.58671875 0.0421875 0.071875
0 0.83125 0.43359375 0.090625 0.13125
0 0.7484375 0.53671875 0.06875 0.0921875
0 0.45703125 0.57109375 0.1234375 0.1234375
0 0.45546875 0.6609375 0.05 0.075
0 0.36015625 0.60625 0.0921875 0.1515625
0 0.325 0.3921875 0.0953125 0.184375
0 0.14140625 0.54140625 0.0921875 0.1484375
0 0.05234375 0.546875 0.0796875 0.134375
0 0.03125 0.646875 0.04375 0.078125
0 0.096875 0.296875 0.0328125 0.078125
0 0.04140625 0.3125 0.0375 0.0578125
0 0.875 0.2640625 0.08125 0.1109375
0 0.41796875 0.9609375 0.0484375 0.078125
0 0.3296875 0.98515625 0.0625 0.0296875
0 0.17109375 0.721875 0.0421875 0.05625
0 0.64140625 0.53984375 0.0421875 0.059375
0 0.98203125 0.5578125 0.0359375 0.05625