0 0.18359375 0.9585510163349383 0.096875 0.056074525640563165
0 0.1890625 0.8220869774598087 0.209375 0.11443929735218497
0 0.08046875 0.7717166422659517 0.10625 0.09401117328319834
0 0.13125 0.669394316996892 0.1828125 0.13507712903138547
0 0.66640625 0.9440776015287954 0.1640625 0.11184479694240927
0 0.5359375 0.8632429402373092 0.1140625 0.09593754631872783
0 0.4609375 0.5261560090962278 0.1578125 0.16516273531769166
0 0.35703125 0.5306914977236884 0.09375 0.07155397642635145
0 0.409375 0.41594194706173465 0.1859375 0.132097678245597
0 0.6515625 0.36081576116314257 0.2265625 0.14336481803034928
0 0.45703125 0.1572240725784633 0.1828125 0.13195212903138534
0 0.43984375 0.06423605190029887 0.1640625 0.09514133374611503
0 0.32265625 0.046277956367359555 0.09375 0.04499147642635144
0 0.734375 0.08967281533975298 0.09375 0.05124147642635144
0 0.71171875 0.04096133353671805 0.0703125 0.01889985731976358
0 0.8671875 0.967049605767323 0.1359375 0.06590078846535405
0 0.0265625 0.5067059183207996 0.053125 0.06341183664159918
0 0.2515625 0.20390421174404305 0.0703125 0.05952485731976358
0 0.5203125 0.7390776941662505 0.0734375 0.059670406533975394