0 0.910246279157868 0.7581139055050272 0.07527278763096845 0.11875430810555195
0 0.7899502046522361 0.7746186629486254 0.04965007475773362 0.08641268899896382
0 0.6731451169050521 0.7746080084815646 0.10162747402109958 0.18383565260503384
0 0.627526978285348 0.8701773736592109 0.08289961733238052 0.09419095574818712
0 0.5415237763078766 0.8305755262642449 0.12041032500983526 0.16290672249741006
0 0.893336556649378 0.498813834164909 0.05535377153942491 0.07889128742738745
0 0.7947401555444268 0.3609029193587661 0.11295845792955603 0.14542812406898661
0 0.7150530195226127 0.47596930128563547 0.08500842055068922 0.10207623035529281
0 0.42463583313248154 0.5533495543860074 0.14544317599857096 0.14226889081820956
0 0.42616584612193176 0.6428294313504781 0.06338479282674854 0.08238016046291677
0 0.3284985244662912 0.6029921435088059 0.1190663462971587 0.16595894789030402
0 0.2861082007169637 0.39627341666816973 0.12761081981405517 0.19906254631872766
0 0.10717518152332717 0.5720290496284964 0.11884782500983522 0.1628339478903042
0 0.03485115734757482 0.5909845649299774 0.06970231469514963 0.14655397642635143
0 0.014637210313781946 0.6930200998761655 0.029274420627563892 0.0852140620344933
0 0.05436081000357264 0.3362050196447071 0.04630655347041022 0.08314213978475227
0 0.011465246771856088 0.3605907435898592 0.022930493543712176 0.062975188998964
0 0.8326493369908793 0.18626463834151946 0.10049130891829208 0.12304370181924558
0 0.3983204435043712 0.9408131670824545 0.06149451089576328 0.07761988585581107
0 0.31197875191846 0.9728679958661708 0.06693612772394086 0.021806533498445902
0 0.14332085911138198 0.7455542868082149 0.05269866510280767 0.06319351282028159
0 0.6078196737296571 0.4949804745688338 0.05291718639013112 0.06631851282028159
0 0.9466308014535979 0.4605111594339686 0.040089404459146036 0.06104881596343468