0 0.37371077114690976 0.6193378540758347 0.32955132573423507 0.33876492195451674
0 0.5800871352494938 0.8419569316579818 0.11664581618646537 0.16146826805616749
0 0.5491662541259629 0.9640687395591219 0.08440015601864026 0.07186252088175635
0 0.2854356408485713 0.9283110276748141 0.2536722195058133 0.1433779446503717
0 0.3492864985268856 0.8589633492665113 0.1264944128671175 0.16804565027015245
0 0.4893529622331288 0.3233656443645207 0.10933022365499809 0.14718751324684395
0 0.5860350176224248 0.5257044490811769 0.114514631123531 0.13334326805616747
0 0.5774682688718246 0.3389757753973795 0.13035311867597627 0.1572718413771451
0 0.48340080538929603 0.215843321043543 0.06827824855010753 0.09900298439090341
0 0.5450603558042144 0.21877983728561184 0.06131785352912935 0.08940972958157989
0 0.7034191526946479 0.1240452345605394 0.08051813942190086 0.1165724303072194
0 0.647217619501169 0.059417250169636025 0.06493976099766208 0.07551092068857253
0 0.6658851091282068 0.04048620089527544 0.06822978174358649 0.03666667549789595