0 0.41328125 0.59609375 0.2796875 0.2515625
0 0.16328125 0.4203125 0.14375 0.078125
0 0.03828125 0.46640625 0.0765625 0.0640625
0 0.08671875 0.7234375 0.1734375 0.2125
0 0.18203125 0.64765625 0.1484375 0.0875
0 0.6859375 0.45 0.1296875 0.075
0 0.47265625 0.37890625 0.1140625 0.0828125
0 0.65703125 0.365625 0.1359375 0.0921875
0 0.7921875 0.44296875 0.090625 0.0421875
0 0.7796875 0.38359375 0.08125 0.040625
0 0.8484375 0.21875 0.1046875 0.053125
0 0.93046875 0.2640625 0.0875 0.04375
0 0.96171875 0.240625 0.0765625 0.053125