0 0.6283140232701045 0.35931723172410696 0.38641681078916684 0.36725231380268886
0 0.9316357789696876 0.47069603477275007 0.13672844206062465 0.127711126022532
0 0.8872850605048266 0.13288379770487382 0.14807904977125014 0.257262233702664
0 0.8621597335668405 0.22899191957077072 0.1907367156150695 0.14451819279472175
0 0.37997201472072967 0.6057676490502926 0.16682643692972227 0.12352373119538154
0 0.633442506836945 0.6132462137774183 0.1513105397032639 0.12775659012915472
0 0.4381676808488894 0.6877246912118761 0.17823671561506949 0.14415447994174038
0 0.2668005207046533 0.6473677788337483 0.11417290919430564 0.07514841567683313
0 0.299468856760695 0.7073959967012947 0.1016001740119445 0.07165970282385156
0 0.2775614084318063 0.9081688865138803 0.13172408510611122 0.09127352084968265
0 0.17383634317732716 0.8853882675509773 0.10952177678548614 0.07657452335696498
0 0.15428756259211882 0.9187918009370722 0.08615701196784728 0.07901756175762457