0 0.4539839353257479 0.5874164979856527 0.4562492263722767 0.2475142589344296
0 0.6657515142540035 0.28170903156029947 0.12624324879205204 0.11571252471457942
0 0.7837036441100412 0.47835192680766403 0.1476080657615139 0.1103538626613009
0 0.9125458633553162 0.5491353176064043 0.11291407242947357 0.14320085475263547
0 0.4120042451682081 0.42843808741524886 0.06690019970043756 0.0946068458553869
0 0.47171472970625655 0.22847523809982087 0.08864765394280312 0.09393568380210837
0 0.549616718037327 0.16494463730151812 0.13185552000387943 0.10815469269935693
0 0.20011015198594903 0.4253143819014917 0.13498052000387933 0.10828202669174569
0 0.1728149730382968 0.20616513387865804 0.0842152454580721 0.09686968281352515
0 0.7474141683659844 0.8404009406478284 0.29543953000581896 0.1662112263111851
0 0.825556433199716 0.9447435893552342 0.348887133600568 0.06378124608284849