0 0.03203125 0.8640625 0.0640625 0.090625
0 0.05390625 0.7453125 0.078125 0.065625
0 0.0953125 0.659375 0.109375 0.0828125
0 0.128125 0.4328125 0.1125 0.0703125
0 0.18671875 0.353125 0.0953125 0.0421875
0 0.58984375 0.5484375 0.0859375 0.0921875
0 0.37109375 0.4734375 0.109375 0.075
0 0.5109375 0.49296875 0.121875 0.05625
0 0.2484375 0.80078125 0.3046875 0.184375
0 0.59765625 0.86875 0.7078125 0.2625
0 0.85390625 0.6515625 0.278125 0.2171875
0 0.71796875 0.53203125 0.153125 0.1
0 0.87265625 0.46640625 0.2546875 0.1140625