0 0.013741413482833753 0.9762911921650057 0.027482826965667506 0.03070738433001132
0 0.01823735001845592 0.871703821714655 0.03647470003691184 0.07748225478036197
0 0.042154513805831476 0.77081195018457 0.08430902761166295 0.10009773442229637
0 0.03946780845330319 0.5160045342377263 0.07893561690660637 0.08200906847545256
0 0.06507217844222854 0.4167950786544853 0.1075912569398303 0.05202117982650449
0 0.5431692951919513 0.5580415538205996 0.10035855027685514 0.10913277297895937
0 0.2893526827611652 0.5158891224529355 0.127181866131414 0.09062260487264702
0 0.4464537839331844 0.5126208274178676 0.13984255243632351 0.06964877081949084
0 0.2130581839977829 0.8938541779761906 0.35031658235511304 0.21229164404761888
0 0.5814973033683994 0.8707304094684389 0.7286604302879297 0.25853918106312224
0 0.8301593530269458 0.6211468352805486 0.28240719154669697 0.254622152990034
0 0.6806483112310804 0.5182151950904411 0.17575906847545256 0.12018899136212671
0 0.8362450740310068 0.41600875230712664 0.289060104872647 0.1398983189368778