0 0.11796875 0.96875 0.1140625 0.0625
0 0.1328125 0.85234375 0.075 0.0625
0 0.15 0.759375 0.1078125 0.078125
0 0.1234375 0.53203125 0.109375 0.065625
0 0.159375 0.4390625 0.09375 0.0375
0 0.59921875 0.5234375 0.08125 0.0890625
0 0.36875 0.5078125 0.1078125 0.0703125
0 0.50859375 0.490625 0.1203125 0.0515625
0 0.334375 0.85625 0.2984375 0.1703125
0 0.67421875 0.85703125 0.6515625 0.2859375
0 0.87265625 0.55390625 0.2546875 0.2046875
0 0.71875 0.475 0.15 0.09375
0 0.85703125 0.36953125 0.265625 0.1015625