0 0.17697996799308946 0.9415380179331286 0.07416485182361114 0.036385250252101285
0 0.2743095628828464 0.9152326080261013 0.10221842306201392 0.10230518119435103
0 0.5179322763137145 0.9036566976148706 0.09179006933854161 0.12341535668871906
0 0.612755120253541 0.8510073089951664 0.06032186379145834 0.11185514381548423
0 0.46717900826503433 0.40333962336133994 0.11337412860909737 0.1124450056999832
0 0.5130499802452773 0.6442652721205027 0.09829464247680572 0.13478989926336596
0 0.5142702541809718 0.4913041630859952 0.079762848023889 0.1428537715394249
0 0.14378952754798546 0.7590040233810104 0.24724520801562527 0.3682793784802456
0 0.1609375 0.39140625 0.321875 0.7828125
0 0.396472343655486 0.14227534528875252 0.27580531268902797 0.28455069057750504
0 0.5046998049021525 0.26577963920078174 0.1307084053945836 0.18697511213660062
0 0.5989433802246179 0.12581215202574395 0.16286890159486128 0.2516243040514879