0 0.9014929348620889 0.940321440442197 0.07772818511654264 0.08161818114108144
0 0.8951015803229179 0.8320359054960088 0.11755457694917482 0.10531254631872748
0 0.9402876278679979 0.5688659714594435 0.08570437622353566 0.08666955417661057
0 0.9330877414776616 0.4613252992097025 0.10654266587924895 0.05800089867609248
0 0.417924043747247 0.4913250907754284 0.10699902286549072 0.11574062406898662
0 0.6865103526402544 0.5085298231976358 0.13446925843752044 0.09830056699689216
0 0.5275545040915333 0.4666954259692854 0.14782243030721923 0.07864303846084475
0 0.6762027581830665 0.8966193276455605 0.3704663005403049 0.20676134470887889
0 0.3409399362128511 0.8265625 0.6818798724257022 0.346875
0 0.12985364719010956 0.4852376408182096 0.2597072943802191 0.27360028163641914
0 0.2867310966498046 0.4163528618678775 0.18868553248413758 0.13202490363849115
0 0.15316960690142364 0.27475605913900913 0.30189486061443876 0.15757717535011295