0 0.33828125 0.020482301863435613 0.0796875 0.040964603726871225
0 0.4203125 0.0569563361981104 0.1046875 0.1139126723962208
0 0.6484375 0.11029694657932754 0.090625 0.13181768577927472
0 0.721875 0.1807420977581911 0.059375 0.10866934585538686
0 0.453125 0.5760678211036264 0.109375 0.10914418973360754
0 0.5671875 0.3581388803814359 0.0953125 0.12888368676785794
0 0.52421875 0.5005147227767817 0.078125 0.13912084980971962
0 0.2484375 0.19065819760509176 0.240625 0.35511721741393626
0 0.1578125 0.5427883833843665 0.315625 0.786298233231267
0 0.30625 0.8265837687458992 0.2671875 0.312449556349241
0 0.44921875 0.7106019885941125 0.128125 0.17865819368794006
0 0.49453125 0.8587556457044752 0.1546875 0.24849053262324466