0 0.25972201341677875 0.8058294399364557 0.3552766339281271 0.2824263108743231
0 0.47848807493296064 0.9029151254086848 0.3110024740210996 0.18489674593951477
0 0.8078588646576159 0.8478871116122623 0.20714550050420327 0.1503114659077429
0 0.4941195207062458 0.6007116972433517 0.3409956126408037 0.27905584902377
0 0.1870668553513366 0.4715323064133915 0.17974176634364492 0.1155000892845374
0 0.4929130277436113 0.3261793015454228 0.18123856436617344 0.1592228157455871
0 0.20222268974432583 0.263201609173335 0.15441398441265974 0.11037621266133195
0 0.16939948206687122 0.19650503287444118 0.12538204827463018 0.11923301542127547
0 0.03571861473449058 0.10810282629889387 0.0602926438154842 0.05879434740221225
0 0.37443654333095155 0.22030322281089698 0.11494729282674854 0.08159664772652375
0 0.440793516847848 0.25199750771393303 0.12966535668871887 0.09121710957707681
0 0.49399529048095997 0.16267986323382014 0.16153806956195355 0.1229853068171333
0 0.7342807089379624 0.42208827070287186 0.10680701089576328 0.07677278003177204
0 0.9227510341122857 0.570214304795129 0.15449793177542864 0.1641012305182393
0 0.9382244358090535 0.653971696028831 0.09118201089576346 0.0765000446422686
0 0.9347291871464357 0.26840634294457594 0.11585422896477837 0.07224892126547414
0 0.776102950135886 0.18122176299223408 0.1749121547112475 0.13570349512873606