0 0.1453125 0.69453125 0.290625 0.2046875
0 0.32421875 0.86171875 0.246875 0.196875
0 0.634375 0.83671875 0.1625 0.10625
0 0.4125 0.5578125 0.259375 0.2046875
0 0.16796875 0.38515625 0.1453125 0.078125
0 0.4765625 0.3140625 0.1359375 0.11875
0 0.23203125 0.203125 0.121875 0.0765625
0 0.21796875 0.13828125 0.0921875 0.090625
0 0.1140625 0.02890625 0.05625 0.0515625
0 0.3953125 0.1984375 0.090625 0.0578125
0 0.44765625 0.2390625 0.103125 0.0625
0 0.51640625 0.16953125 0.1265625 0.0875
0 0.66953125 0.4453125 0.084375 0.053125
0 0.8203125 0.61640625 0.146875 0.121875
0 0.796875 0.68984375 0.06875 0.0578125
0 0.91640625 0.84765625 0.0546875 0.08125
0 0.97890625 0.52421875 0.0421875 0.0859375
0 0.90390625 0.34765625 0.1296875 0.046875
0 0.7640625 0.23984375 0.1359375 0.096875