0 0.14921875 0.715625 0.2984375 0.190625
0 0.34296875 0.8703125 0.2421875 0.1859375
0 0.6515625 0.8296875 0.159375 0.0984375
0 0.415625 0.5625 0.253125 0.19375
0 0.1625 0.403125 0.14375 0.071875
0 0.46640625 0.31484375 0.13125 0.1140625
0 0.2171875 0.21796875 0.1203125 0.0703125
0 0.2 0.153125 0.0890625 0.0875
0 0.08984375 0.05 0.0546875 0.05
0 0.3796875 0.20390625 0.0890625 0.053125
0 0.434375 0.2421875 0.1015625 0.0578125
0 0.49921875 0.16953125 0.125 0.0828125
0 0.66640625 0.4359375 0.0828125 0.05
0 0.82578125 0.6 0.1421875 0.1171875
0 0.80625 0.67421875 0.0671875 0.0546875
0 0.934375 0.825 0.0515625 0.0796875
0 0.98046875 0.4984375 0.0390625 0.084375
0 0.8953125 0.3265625 0.1296875 0.040625
0 0.75 0.2265625 0.1328125 0.0921875