0 0.20519230219071333 0.13282061666505027 0.2543765775927424 0.26564123333010053
0 0.07723243824237522 0.3067764163606387 0.15446487648475044 0.3020721672787226
0 0.07617211111185125 0.6500322087842934 0.1399216210079671 0.20159393515657004
0 0.3708243477175091 0.3539713122583561 0.26047346489804557 0.32678486697916026
0 0.5463772433360824 0.07067207665729161 0.10647262351524951 0.14134415331458322
0 0.6452416745188286 0.3783344860358606 0.1484328029821361 0.17267170970237727
0 0.7526439637109112 0.08898533042606763 0.09940426959604132 0.14840529121570664
0 0.8235929612036287 0.06137077133251354 0.11260295157021041 0.11986570303441746
0 0.7684866093959917 0.2677322126980014 0.07492109514371954 0.11055460485118865
0 0.7268470271843956 0.33270337951768203 0.08167120031656908 0.1282522878817268
0 0.8076363744396865 0.39547470436305165 0.11369409012915455 0.1573657030344175
0 0.51208687905854 0.615228192404258 0.07005173871722903 0.10392196757828494
0 0.33174484653037484 0.813107067259326 0.15348401583511756 0.185554346975281
0 0.24869666580984706 0.8011807652927736 0.07267663354437941 0.08698955909355419
0 0.08199123594724904 0.9589767740867654 0.09717652837152993 0.07184279121570683
0 0.44305075640122016 0.9521061811943703 0.09742056927947207 0.026657836973341276
0 0.635281371998911 0.8545781216417743 0.06994409012915473 0.15379442182065048
0 0.7455693173009151 0.6803437830014432 0.1249953029821361 0.1707585233378591