0 0.1522023930945212 0.22203914734428026 0.2999786910658786 0.23605671642972928
0 0.35500852357364854 0.09584078258831208 0.29310795285270286 0.18915444535249043
0 0.6859460004142848 0.15481282425181045 0.1917594685684687 0.1260817527304745
0 0.3869283418133948 0.41720724336070064 0.30808228949430205 0.24235216822512734
0 0.08644669065610304 0.5600295058537326 0.16842897642635143 0.09470448770335978
0 0.4007188982663169 0.6915805294650541 0.1627269400324213 0.1399715359079618
0 0.11586655521457696 0.7672880148307228 0.1432834272121397 0.091434041958086
0 0.08691960980547216 0.8351067739059094 0.11112589867609243 0.1053056444174139
0 0.28930190116180104 0.80189988504764 0.10625430810555195 0.06778746369925485
0 0.3542205798216828 0.7671117945903646 0.12060790653397531 0.07411927693097127
0 0.41271797643086067 0.8534129089535494 0.15175089867609248 0.10554199375348432
0 0.636990346156621 0.5851134026088375 0.09829625889134022 0.06461701190385671
0 0.8358923806885243 0.4252894715960907 0.1754452638537387 0.14473175878059868
0 0.8272130475615818 0.3431854987234538 0.08281680810555159 0.06765110831306051
0 0.9740431598437442 0.19399908586107956 0.0386687018192454 0.09238748789975157
0 0.8669774449993293 0.7310218420093996 0.14644266046291676 0.05864881303532492
0 0.6923712431800837 0.8222184928697214 0.1600000463187275 0.11496244554888194