0 0.7856890580901518 0.1776139799600981 0.3508623629141832 0.267981196001134
0 0.5651784079913298 0.09411455463183818 0.30089318401734033 0.18822910926367636
0 0.24849987123021405 0.17766117541307797 0.19367294724210718 0.13930558057737183
0 0.5335595977644523 0.39692700826788446 0.31621434712916763 0.26209329454985514
0 0.8214019610315713 0.5014855003785181 0.16850634727034192 0.10879962504240907
0 0.514872698018566 0.6642236356725462 0.16618498407381016 0.14926093393541642
0 0.7900855296450668 0.7045112966576539 0.14635833148532668 0.10334823320977708
0 0.816823063916521 0.7675098044622022 0.11565436305535748 0.11163195916315978
0 0.9307042824170771 0.846956713085057 0.03957771046687384 0.06375496515360979
0 0.6224661191640755 0.7579240172535592 0.1074022472985769 0.07703870435383635
0 0.5593059665050047 0.7312821609002896 0.1202662683452644 0.08372521397248338
0 0.5010391692205453 0.8214185767795387 0.1517738735787013 0.11601192431676957
0 0.28862798741051776 0.5863615636175128 0.09931673151356132 0.07207838584218215
0 0.09741770043764045 0.45581843566469693 0.1790490051204975 0.15594744355406326
0 0.1083999740445766 0.3743501808553735 0.0853452367752332 0.07314981252120453
0 0.0691894082383849 0.7531845089856747 0.1383788164767698 0.07366073320977709
0 0.23044594815974037 0.8222916291339422 0.1633484104104042 0.12733137023308566