0 0.593872773489979 0.8209342825827767 0.5834396034569898 0.35042254941117823
0 0.5453827638565606 0.5817359699236399 0.39383153417751765 0.3294726080521794
0 0.12478925943556274 0.7499079986473646 0.24957851887112548 0.24198969470081658
0 0.10994198667216486 0.5236545813176371 0.21988397334432971 0.2714408373647258
0 0.5506913556350679 0.2919285825907308 0.2649216210079672 0.19364310136854385
0 0.7008314111244865 0.1511661279042317 0.15492684389007838 0.11738858935390813
0 0.06675192781753395 0.35698524932368225 0.1335038556350679 0.1204045013526355
0 0.24748378760923698 0.32513417063177436 0.20151233887551348 0.16166584802672607
0 0.4235725776592494 0.20515638327500269 0.2468703029821361 0.16375560669954395
0 0.5661729177884041 0.05890064330045606 0.1707791644231918 0.11780128660091212
0 0.21991638024567414 0.19893529730268322 0.16223923871722884 0.10029199602163538
0 0.747437289654301 0.03026601861872948 0.08637542069139795 0.06053203723745896
0 0.1610331252311092 0.15588527864418283 0.16692673871722893 0.10034654002227175
0 0.3507294934025894 0.5613523866168204 0.1377848079967011 0.11875109468490823