0 0.41953125 0.86328125 0.4671875 0.2734375
0 0.49765625 0.615625 0.3 0.221875
0 0.0953125 0.5578125 0.190625 0.16875
0 0.13515625 0.3546875 0.2515625 0.190625
0 0.621875 0.3859375 0.209375 0.1203125
0 0.7984375 0.33984375 0.121875 0.075
0 0.1875 0.2078125 0.1734375 0.06875
0 0.3703125 0.278125 0.15625 0.1078125
0 0.55859375 0.26015625 0.2 0.0984375
0 0.73359375 0.203125 0.1328125 0.08125
0 0.40234375 0.1640625 0.1328125 0.0578125
0 0.88828125 0.2578125 0.0640625 0.0515625
0 0.37421875 0.10390625 0.1390625 0.0546875
0 0.3546875 0.5125 0.103125 0.08125
0 0.94140625 0.14453125 0.1171875 0.0609375