0 0.702628956996632 0.19776859560593804 0.5947420860067361 0.3955371912118761
0 0.5459492395826956 0.4281187075092121 0.40393140220462787 0.3379285266556703
0 0.9066108724727705 0.5775908924528821 0.14603137749004844 0.2133758413827959
0 0.8080447439941387 0.7942675785836861 0.24006522037968595 0.26137072367353403
0 0.3370358601154808 0.6526881131569153 0.27182987353571575 0.1983084340192331
0 0.13069035962118924 0.6610331252311091 0.15939885771838497 0.12012594655564542
0 0.7546902978347408 0.935497983835678 0.21274935079830276 0.08890469028743908
0 0.5762389870740566 0.8337860343105318 0.20812020060802236 0.16680236975432586
0 0.36582541049604167 0.8079151707579049 0.2535600346004111 0.17124582884638356
0 0.15740807403219495 0.8288056469387216 0.17228085969555132 0.1298646594086268
0 0.5054715478347409 0.9427495088419956 0.16431185079830274 0.08749530298213629
0 0.02492842684484509 0.7301133973344329 0.04985685368969018 0.07727320533113406
0 0.6686161239556453 0.5774929187128409 0.14071252471457923 0.12114287727617316