0 0.5640625 0.85078125 0.4875 0.2984375
0 0.54140625 0.6078125 0.31875 0.25625
0 0.13828125 0.70859375 0.225 0.190625
0 0.1203125 0.5015625 0.240625 0.21875
0 0.5703125 0.3484375 0.2171875 0.1453125
0 0.71640625 0.23984375 0.1265625 0.0890625
0 0.10078125 0.346875 0.175 0.090625
0 0.296875 0.3421875 0.1640625 0.125
0 0.4640625 0.25546875 0.2046875 0.121875
0 0.6046875 0.13671875 0.1390625 0.096875
0 0.2828125 0.225 0.1359375 0.0734375
0 0.76953125 0.13046875 0.06875 0.059375
0 0.234375 0.1796875 0.140625 0.071875
0 0.36953125 0.56640625 0.1109375 0.0921875
0 0.79375 0.01953125 0.15625 0.0390625