0 0.4885648843404337 0.8878656227802623 0.49953989853730274 0.22426875443947553
0 0.45730479627041704 0.6436610627766897 0.322677389608849 0.24728917130699396
0 0.8945729711893392 0.6875352930019755 0.187320542206637 0.18164275595208465
0 0.8813674078760888 0.45820842592169636 0.22679214529089187 0.2078117720436282
0 0.37143902881725144 0.364667695444309 0.22704551542127546 0.13292103268728983
0 0.1900856631510946 0.268290450135886 0.12940685633066593 0.08239687278026224
0 0.8780356765437751 0.29058388334704943 0.19015344155801372 0.07572053788306991
0 0.6648265645310664 0.31634943580905345 0.16906937418757337 0.1195033888718057
0 0.46579477516380347 0.24689532342035134 0.21882391233702042 0.10893722946898113
0 0.28855221103977413 0.13907247972108272 0.14363299756436804 0.09275521857321789
0 0.6545902682639445 0.18578785065975958 0.14626707386326174 0.06484873986054138
0 0.10989537703024252 0.15708551634364493 0.06967730032431155 0.057932468321116336
0 0.6978141627440575 0.12936288803862644 0.14933752678536116 0.06194226114786483
0 0.6329826806042602 0.572249874544973 0.11082049756436803 0.09046074505632155
0 0.08245794399364557 0.026103314114071956 0.11945911201270884 0.04892880891829186