0 0.465625 0.8796875 0.440625 0.240625
0 0.51171875 0.61484375 0.2796875 0.190625
0 0.096875 0.6078125 0.19375 0.1453125
0 0.1203125 0.4 0.234375 0.1640625
0 0.60703125 0.371875 0.2 0.096875
0 0.7765625 0.3046875 0.1140625 0.0609375
0 0.15390625 0.2484375 0.16875 0.0484375
0 0.34453125 0.2953125 0.146875 0.090625
0 0.52890625 0.2546875 0.1921875 0.075
0 0.6953125 0.1765625 0.1265625 0.0671875
0 0.36171875 0.178125 0.1296875 0.0421875
0 0.85625 0.2125 0.059375 0.0453125
0 0.3265625 0.121875 0.134375 0.0390625
0 0.35703125 0.53046875 0.0953125 0.0703125
0 0.9140625 0.09140625 0.1515625 0.04375