0 0.34211149876572905 0.1771348388775003 0.5798395024685419 0.35216961525582446
0 0.36212783235322876 0.45884848903965614 0.38042007750666695 0.30651837580913116
0 0.8375298354873608 0.3491299845721339 0.2692630655388196 0.2280467280826075
0 0.8490803588543745 0.5916174935005877 0.2809642849536115 0.2610501428552599
0 0.3214605858686105 0.7621683579522238 0.25865156743868073 0.17475808684890543
0 0.1474028771873951 0.8865256554371616 0.15087412860909732 0.10727848620028232
0 0.8714060344818396 0.7741123936627434 0.20872299620027804 0.10985010714144483
0 0.6415912479127076 0.7755719334370434 0.19560605357097244 0.15022964529089186
0 0.4431336044859715 0.8737116042987758 0.2439708183886113 0.14795012499835244
0 0.27654355689892285 0.9761210793417863 0.16370013050895835 0.04775784131642737
0 0.6548153336844089 0.912577055596022 0.16137521751493064 0.08871940097293489
0 0.08322931478270751 0.9896352443179571 0.0817591462765278 0.020729511364085695
0 0.71061008558427 0.9615322711016706 0.16758884992375017 0.07693545779665882
0 0.5625629370266315 0.5108042755642499 0.13219686379145834 0.11007620373287814