0 0.5072616720780532 0.8533088589769026 0.45709240063313833 0.2647090868464872
0 0.4674252484171544 0.5867784844936312 0.29157504922121247 0.2070677531003719
0 0.8871838189502679 0.5594260024857085 0.19494409012915453 0.1573160020669146
0 0.8715146695042637 0.34716359698519056 0.2392396594086268 0.1781036910658786
0 0.37699779137016065 0.3428893974377473 0.20759720282385158 0.10953347353086737
0 0.20556071206155863 0.28221737882649756 0.11900606426490726 0.0679580955329393
0 0.8439389019532865 0.19553047643086063 0.17332985141192586 0.058005206781644295
0 0.6472397467012947 0.25228355231909283 0.15272784639736087 0.10073636228216235
0 0.46016329552679575 0.21964664247534865 0.19910274122451135 0.08573210049533805
0 0.29216946496455254 0.1478915746498871 0.13168792069139795 0.07479029238978616
0 0.6335302508579298 0.13355282299725726 0.134085494985435 0.049935841603997846
0 0.12703855845891948 0.19225165839600214 0.06230142319868044 0.049713209677128445
0 0.671149922802969 0.07406650703382253 0.13868206677218975 0.04702916542531543
0 0.6277382742814017 0.49349074917593966 0.0989663489046432 0.07638702564056317
0 0.07504245826738143 0.06990793155536593 0.15008491653476286 0.05237163688926816