0 0.15580107749732894 0.490832085653497 0.3116021549946579 0.572289171306994
0 0.386708760081983 0.5431422567083894 0.31120540634542027 0.3864937829393913
0 0.38333580045548693 0.1239170093062794 0.2177033990890261 0.20850018689433422
0 0.606145817878682 0.15751003134990751 0.2564583642426358 0.24705994234221587
0 0.6533208520072822 0.6455834677400386 0.17893356496827514 0.25878441015912906
0 0.7322568399415647 0.8296631728196033 0.10976192431676957 0.1526329631253361
0 0.7699181411996598 0.15486526861255884 0.11630459019601887 0.20608574505632146
0 0.7259151369384906 0.36089139348650806 0.1518601442797028 0.1976612398605413
0 0.7768798922959681 0.5610277873019923 0.15338792794496658 0.24141123986054147
0 0.8676710394860777 0.7420206972090199 0.11957343393541642 0.16578852698730664
0 0.8536581910221746 0.3807882662667703 0.09440974282842376 0.15935285668871887
0 0.8349974048250217 0.9151632662667705 0.07147818511654265 0.0829324683211162
0 0.9129439109851077 0.3426434100822545 0.09301093393541641 0.16393109604505707
0 0.472452831040708 0.37527704953513785 0.11223215988879928 0.13410148441265973
0 0.9454711133552095 0.9362020219667535 0.05187501324684405 0.10182457995351371