0 0.947515350092285 0.24387739266423689 0.1049692998154299 0.308795731382639
0 0.41722587523071264 0.09552036027607673 0.2907017504614252 0.1783847988213197
0 0.6141356577703958 0.36845263326184075 0.4555604966039139 0.43808971998347257
0 0.9142288880306392 0.5467653501111813 0.1715422239387216 0.2655198164887501
0 0.7736770458010349 0.5695274368328131 0.1386991594684389 0.1436435100679862
0 0.44030334129752824 0.5773697723201738 0.15356269586563354 0.15647081838861113
0 0.56022461751569 0.610584275454306 0.12802247532299765 0.12311280452090294
0 0.7546137700442985 0.7102790701915631 0.08609579117755643 0.10185474715020834
0 0.8733940484219286 0.7013424409168756 0.09350777297895903 0.09578658510611113
0 0.9607155151116658 0.7402977977744799 0.0785689697766685 0.0881559230620141
0 0.6489948257198247 0.7054805077868755 0.1102341980251019 0.1133377610179167
0 0.7464193406792193 0.7771756294621186 0.08479410703211539 0.08154224715020852
0 0.9692935271410125 0.8207847315700703 0.06141294571797502 0.10323540919430556
0 0.25492584823735853 0.6182999775829169 0.20456399136212672 0.173259581306389
0 0.519768400673682 0.6853108653100698 0.09406897748246604 0.0801979526972918
0 0.5208791201365837 0.7391625639232989 0.07537953423772628 0.05636040919430556
0 0.25091616208933254 0.27574945488149327 0.5018323241786651 0.5514989097629865
0 0.10588876850313908 0.5446234753987154 0.15870887569213799 0.2611219507974306
0 0.18437231877999427 0.649421384593021 0.05819203423772623 0.0559603656913195
0 0.1985943075212273 0.6887566415268751 0.05819203423772627 0.0559603656913195
0 0.16997795418973977 0.7169537234988542 0.0522424228866742 0.06050239532659738
0 0.11707419724990945 0.6704774605810764 0.07325582973421944 0.0719126740119446
0 0.14105072022886872 0.7646456878796528 0.13473355027685524 0.10610714247680572
0 0.09642053824289586 0.7012001305089584 0.10540699568106333 0.08670252583555574
0 0.5609021452750113 0.791579702316042 0.10787066162790726 0.1008013934267364
0 0.4665804487910689 0.8291686616628475 0.16668445712440044 0.11777199430041704
0 0.8339181431155429 0.8400587955902784 0.09402940468807693 0.05523432028847246
0 0.35221756014212097 0.8218263275066668 0.13283108883351816 0.07641964247680591
0 0.2566955066260633 0.7798187058314239 0.10258238433001132 0.09131729065319458
0 0.825183493207828 0.8741792224520146 0.08349242288667433 0.061229747150208166
0 0.29426416023440605 0.8548011752462156 0.22343510487264712 0.12689372758291667
0 0.4301213170819513 0.8688844718833337 0.0585529796419344 0.03724673328250035
0 0.426424620598009 0.9085827515186115 0.04987888648947951 0.047966027735416715
0 0.39251069555186646 0.8906315321038198 0.07059190468807693 0.05468880642076392