0 0.1606443318158845 0.08778341991608743 0.18183633636823102 0.17556683983217486
0 0.7630108138691958 0.05451019324944689 0.2679724131695506 0.10902038649889378
0 0.4974981594751339 0.2630838616153955 0.5625768371596539 0.526167723230791
0 0.800813376089039 0.2741540147226397 0.39564540142456117 0.5483080294452795
0 0.9361381444979461 0.5651581070303924 0.09862668276559176 0.28186715186945543
0 0.7965838995125111 0.6193864335898199 0.2162113363682309 0.19723388797200822
0 0.8698335314075377 0.6738595234219948 0.10580738229073816 0.10000184523075965
0 0.8392367492750843 0.7073591076550922 0.07860838479802083 0.07611405933798814
0 0.9016230890085275 0.7065293908485714 0.0552163489046432 0.07590057178554269
0 0.8669154683962716 0.7473562230070764 0.06717077962517096 0.058097765146846926
0 0.8459520990376573 0.7980549626341141 0.12413148495630537 0.14036673610255282
0 0.6016782279631832 0.5398326786154425 0.1215687746106063 0.10587333693238979
0 0.4864851369760987 0.5337504672075063 0.10429034639736087 0.10144594606059662
0 0.5151209508452945 0.6212262338042458 0.11490959765100221 0.09133724025173766
0 0.6791486954350182 0.7171512725968022 0.29318301332783536 0.21709794730999638
0 0.49179109943336874 0.6728838221865281 0.10066524122451134 0.08402164772027057
0 0.7423868298373275 0.7942097574499553 0.1023641335443795 0.0888275468904336
0 0.646710616984346 0.8139321068298997 0.13995506175762493 0.09479412697434597
0 0.537046111969781 0.7785884479114744 0.17639266693047428 0.11470480788809567
0 0.6813978540522223 0.8541776759161502 0.24911476458147633 0.2028452705454317
0 0.36725175217807804 0.612942904969733 0.10406302586424747 0.09363344606059662
0 0.4424443173009151 0.7078041964615819 0.13139841567683314 0.12220873195336797
0 0.25653321252377703 0.5870334456363893 0.12179609514371963 0.11368583693238979
0 0.26000154183237906 0.6553690485408187 0.1183983105039836 0.10407403859206373
0 0.12712713816323293 0.3573011692913875 0.25425427632646586 0.294772661417225
0 0.1312437075092121 0.5528737784195943 0.13810305674305984 0.1383073286340201
0 0.04911213526023907 0.5582376298741311 0.09822427052047814 0.15227474025173784
0 0.024424372328115333 0.6295448674265766 0.048848744656230667 0.11591026514684692
0 0.13956100969992544 0.6956765850582901 0.11477320533113407 0.08664974025173784