0 0.435484793643678 0.7182339997951123 0.5258829850735364 0.4874231488809803
0 0.10900974558898588 0.5259032204304954 0.17560194482076028 0.25756855913900906
0 0.15185458559393467 0.3422152710924492 0.12588082654882315 0.11185364474715102
0 0.28397104477533175 0.3227481794884513 0.09208568068726608 0.09157537799792799
0 0.41003889981828595 0.3223585736164298 0.09381195499752551 0.09477315260503386
0 0.6334465015818797 0.4458730405322685 0.11428822930778501 0.09884422249741007
0 0.5150306942549334 0.42789363606520786 0.11050813206674714 0.08619867328319834
0 0.5578932236535756 0.34914789785203215 0.09924308344622794 0.07943925103345731
0 0.5578655681810801 0.2888460986378204 0.07819359905006032 0.06443068114108108
0 0.6301323145630355 0.18836875558608046 0.13879690637700648 0.0906336162111037
0 0.8512990649017198 0.4036169582338956 0.1927274898232348 0.16796240363849116
0 0.9553602866347314 0.24875817618319163 0.08927942673053728 0.12191784946188075
0 0.7545557824508599 0.18648942432116483 0.12407930913596843 0.07747864474715102
0 0.7563849553362099 0.2811662235353765 0.3080182971501809 0.19671244995721882
0 0.30092617141501193 0.25773960959607517 0.08452548620519007 0.06628427956950453
0 0.20295898292582973 0.1816373360224266 0.07910100180902235 0.05200345574818703
0 0.06613176956056112 0.30548371257261253 0.05409435775648759 0.08045378742738744
0 0.07202988749381403 0.2237606776264245 0.033208647670579336 0.06857021753501132
0 0.7953688902073475 0.7635591925181299 0.40926221958530495 0.4207749962759465
0 0.9852801599950511 0.34830225786239205 0.029439680009897627 0.06475601282028158
0 0.9712143379687838 0.47711861662989763 0.05757132406243244 0.2630137303552928
0 0.06277098993477634 0.8092101801076239 0.04922315128862396 0.16595463978475208
0 0.19905937697836446 0.1520589979330854 0.12399742198083885 0.07591614474715103