0 0.04032894521146157 0.283652251217816 0.08065789042292314 0.32332049756436804
0 0.5265022244324549 0.08966865178700886 0.30324555113509033 0.17933730357401773
0 0.3762941241908687 0.3667554829571667 0.4880604764577544 0.48806047645775436
0 0.10006068100800207 0.5809988096598024 0.20012136201600414 0.28800238068039513
0 0.24986048904624666 0.5853027057647684 0.14957508035608366 0.15725121266133205
0 0.5878105024389273 0.553630371351495 0.1639103157455871 0.173121674511885
0 0.4721758198093674 0.600947476464345 0.13515802434972918 0.1366932508107789
0 0.2935132573101912 0.7243418863657334 0.09409664772652385 0.11098413879807012
0 0.1716109837712409 0.7280317224038599 0.10021028003177208 0.10328073295387127
0 0.07543936729430518 0.7789141582798307 0.11262845941492108 0.09881142126547396
0 0.39848712946916975 0.7061083092560606 0.11780688311602727 0.127018241882325
0 0.3127075422132273 0.7880498303593789 0.08902731818121908 0.08902731818121908
0 0.08343705357731301 0.8576567670461286 0.09415119480442447 0.11410913879807012
0 0.7811650361241472 0.5729047025216528 0.21585464529089188 0.19589670129724618
0 0.525622373787127 0.671086652601083 0.09842959172016937 0.09075345941492116
0 0.5332888234628154 0.7240616481368563 0.07765344155801354 0.0638364034085667
0 0.7280669042226409 0.26781124269639933 0.5438661915547183 0.5356224853927987
0 0.9116122410748415 0.4823733855582497 0.1641751428552599 0.2777819009729347
0 0.8580860462704172 0.5957734123436109 0.06200116801906326 0.06200116801906326
0 0.8503593210271834 0.6357398932688876 0.06041139448011279 0.06041139448011279
0 0.8842843076345026 0.6609211254119801 0.052680715096963836 0.06496252678536116
0 0.9289206976503888 0.6093762163213705 0.07789890340856687 0.0778989034085665
0 0.918663261774418 0.7048387207855974 0.13954551542127547 0.11958757142762977
0 0.9432735239492827 0.6372421177013423 0.0922886858759707 0.09689436525911965
0 0.5018245892911279 0.7816247321463878 0.11446369480442442 0.11446369480442442
0 0.603691052359497 0.8071820653451406 0.17424779788867967 0.1389375892845372
0 0.2348768226520365 0.8620424837679457 0.09640344155801354 0.0641636858759707
0 0.717299584826901 0.7864547337712409 0.13749209172016935 0.09143529788867966
0 0.8064535880733121 0.7349137788205466 0.10953073295387128 0.10031937418757338
0 0.24836657833407932 0.8946095219173926 0.08711026217486459 0.06868754464226896
0 0.780871161125795 0.8134615186742771 0.23225121266133186 0.1508842102256999
0 0.6468137609636392 0.842355906254531 0.06011138555165907 0.04322389448011279
0 0.6578643092593559 0.8804326047124034 0.05246252678536116 0.05246252678536116
0 0.6886876152657103 0.8595882707028718 0.07452844155801355 0.06378185633066594