0 0.075 0.85703125 0.14375 0.2859375
0 0.6625 0.9125 0.25 0.175
0 0.4375 0.65859375 0.3640625 0.365625
0 0.09453125 0.54765625 0.1828125 0.2296875
0 0.2609375 0.49140625 0.1078125 0.121875
0 0.58359375 0.41875 0.1203125 0.1328125
0 0.4640625 0.409375 0.1015625 0.103125
0 0.2640625 0.3484375 0.0640625 0.0890625
0 0.15 0.38125 0.075 0.0796875
0 0.046875 0.3625 0.090625 0.0703125
0 0.3671875 0.33359375 0.0875 0.0953125
0 0.26484375 0.28203125 0.06875 0.0671875
0 0.0328125 0.2859375 0.0640625 0.0921875
0 0.75859375 0.34296875 0.16875 0.1390625
0 0.49453125 0.328125 0.078125 0.065625
0 0.4875 0.27578125 0.0640625 0.0421875
0 0.8046875 0.68359375 0.390625 0.4828125
0 0.9296875 0.3828125 0.140625 0.234375
0 0.82421875 0.29765625 0.046875 0.0453125
0 0.80546875 0.2625 0.0453125 0.0453125
0 0.83046875 0.22890625 0.0375 0.053125
0 0.88671875 0.26484375 0.0578125 0.059375
0 0.853125 0.17578125 0.1140625 0.0828125
0 0.903125 0.2296875 0.0875 0.0703125
0 0.44296875 0.23125 0.0859375 0.084375
0 0.53046875 0.17578125 0.14375 0.090625
0 0.17265625 0.23671875 0.084375 0.0375
0 0.6421875 0.16171875 0.11875 0.053125
0 0.7390625 0.18359375 0.0828125 0.0734375
0 0.17734375 0.2015625 0.071875 0.0453125
0 0.69453125 0.1171875 0.2 0.0859375
0 0.5609375 0.1296875 0.0515625 0.0265625
0 0.5609375 0.090625 0.0390625 0.0390625
0 0.5953125 0.10078125 0.059375 0.04375