0 0.053125 0.80390625 0.10625 0.2796875
0 0.59453125 0.925 0.2296875 0.15
0 0.4171875 0.63671875 0.4203125 0.340625
0 0.78046875 0.73984375 0.4359375 0.4890625
0 0.93828125 0.45 0.1234375 0.246875
0 0.775 0.37890625 0.1625 0.125
0 0.8546875 0.34375 0.0796875 0.065625
0 0.83515625 0.31015625 0.0578125 0.0515625
0 0.9078125 0.32109375 0.065625 0.0578125
0 0.8703125 0.2796875 0.0515625 0.0375
0 0.9453125 0.29140625 0.0984375 0.0515625
0 0.89296875 0.2328125 0.140625 0.1
0 0.58125 0.41484375 0.09375 0.065625
0 0.47734375 0.40078125 0.0765625 0.0671875
0 0.525 0.3296875 0.0890625 0.053125
0 0.69609375 0.275 0.2359375 0.1171875
0 0.51796875 0.28125 0.0796875 0.0515625
0 0.771875 0.21875 0.0796875 0.0546875
0 0.6921875 0.18515625 0.115625 0.0484375
0 0.5859375 0.19765625 0.1453125 0.0546875
0 0.73515625 0.15390625 0.19375 0.1234375
0 0.39140625 0.31171875 0.0796875 0.059375
0 0.4828125 0.24296875 0.0984375 0.078125
0 0.28671875 0.31640625 0.090625 0.0734375
0 0.30703125 0.2578125 0.0890625 0.0640625
0 0.1 0.49140625 0.2 0.2046875
0 0.16640625 0.325 0.1 0.0921875
0 0.07265625 0.30078125 0.109375 0.103125
0 0.065625 0.234375 0.075 0.0828125
0 0.2109375 0.203125 0.090625 0.0484375