0 0.0546875 0.7609375 0.109375 0.309375
0 0.57265625 0.9125 0.2796875 0.175
0 0.40625 0.6421875 0.4328125 0.4328125
0 0.103125 0.4625 0.20625 0.2625
0 0.26796875 0.4421875 0.13125 0.140625
0 0.5984375 0.43828125 0.1453125 0.1546875
0 0.48359375 0.40390625 0.1203125 0.121875
0 0.30078125 0.30234375 0.08125 0.1
0 0.18203125 0.3109375 0.0890625 0.0921875
0 0.08515625 0.27109375 0.1015625 0.0859375
0 0.4046875 0.309375 0.1046875 0.1125
0 0.315625 0.23828125 0.0796875 0.0796875
0 0.0875 0.19375 0.08125 0.103125
0 0.7859375 0.4 0.19375 0.1703125
0 0.53046875 0.33046875 0.0890625 0.0796875
0 0.534375 0.278125 0.0703125 0.0546875
0 0.759375 0.7328125 0.48125 0.534375
0 0.92578125 0.47421875 0.1484375 0.2578125
0 0.859375 0.36953125 0.0546875 0.0546875
0 0.8484375 0.33125 0.053125 0.053125
0 0.8796875 0.30390625 0.046875 0.059375
0 0.92734375 0.35 0.06875 0.06875
0 0.9125 0.25625 0.1296875 0.1046875
0 0.95 0.31953125 0.1 0.0859375
0 0.5 0.225 0.1015625 0.1
0 0.596875 0.1890625 0.159375 0.11875
0 0.234375 0.17421875 0.0890625 0.053125
0 0.709375 0.1984375 0.1265625 0.0765625
0 0.8 0.23984375 0.096875 0.0890625
0 0.24609375 0.140625 0.0796875 0.059375
0 0.76953125 0.165625 0.2140625 0.125
0 0.63671875 0.15078125 0.0546875 0.0359375
0 0.64453125 0.1125 0.0453125 0.046875
0 0.6765625 0.1296875 0.0671875 0.0546875