0 0.6891578794050706 0.5314006354407363 0.4782116311182733 0.5158420653745797
0 0.6404591290521346 0.1553901564759583 0.2659567418957307 0.23801272427320108
0 0.45356607380458025 0.15879438988021183 0.11133088410204497 0.12138296312533625
0 0.39315294759504305 0.2667436476738819 0.08928928413027978 0.09027507475773362
0 0.35218006612383396 0.3776211635133238 0.09259629465362354 0.09361859604505715
0 0.3864130400272362 0.6114223631450068 0.09506884727034208 0.10935285668871889
0 0.41001641097510155 0.5024679802252858 0.08413134727034208 0.10858803218308673
0 0.32615735046587535 0.5146459161112139 0.0788068104386391 0.09732275025210164
0 0.27325215834426564 0.493688923904884 0.06365224729857691 0.07758940445914604
0 0.16178403732581312 0.5219781788485626 0.09201944198043535 0.1371500747577336
0 0.277282421780794 0.7881326925943174 0.16488008930724707 0.18581680372251164
0 0.09529740343552966 0.8554191095387106 0.12243498407381011 0.15172602698730664
0 0.11938516374711183 0.6304026840443426 0.07548438936371685 0.12043246832111638
0 0.20212206903701854 0.6644277588020764 0.19625045762427656 0.29693997402109956
0 0.3315707054875508 0.26008410224924344 0.06705026308359248 0.0824954257464694
0 0.29717956591207245 0.1502120755140383 0.052714747298576906 0.0768245799535138
0 0.45360314213572706 0.06388072762739576 0.08966871572854593 0.07007183540139543
0 0.383973181598266 0.047245248662617687 0.07525760523343691 0.03638525025210154
0 0.6608159876222792 0.8356089901126429 0.5631187101845253 0.3287820197747141
0 0.1743709824311946 0.9119365433309514 0.0640162683452643 0.08383940445914603
0 0.2815618561510702 0.9406956918380128 0.2733604472421072 0.1186086163239743
0 0.8999783422204317 0.18451955364563716 0.152819705064028 0.21920845792955612
0 0.2728621053746113 0.13674515521545055 0.07548438936371689 0.12043246832111634