0 0.13745909338414172 0.03892855433489355 0.27491818676828345 0.0721428913302129
0 0.05799326541989811 0.6007056541446131 0.11598653083979622 0.2610886917107738
0 0.32663366023009555 0.3772230973010806 0.4059430113146815 0.500801085018153
0 0.26171770823830576 0.7579266106469534 0.5234354164766115 0.4837647767289269
0 0.5664480556294682 0.9095103793928526 0.2789067708808471 0.1457077253226018
0 0.6330729951282261 0.7349613655526882 0.1510908430895542 0.19361203163466173
0 0.6763321157379268 0.8175536896592452 0.07866133118569749 0.09537084980971962
0 0.7116292663036609 0.7919024322448716 0.06132838544042372 0.06967051285158128
0 0.7049156579906004 0.871844600229649 0.06763292759490121 0.07930018083635879
0 0.7481389380448297 0.8263437578343034 0.0440954336450254 0.06115767589344294
0 0.7398810104499285 0.9032245928152755 0.06309996369925486 0.10567167984777584
0 0.8003599681972549 0.8453046634617912 0.12124880698520073 0.16583985870696835
0 0.5803803080653551 0.5285641269213948 0.0787522347764936 0.11099584980971962
0 0.5880751542781673 0.41421512543852 0.0802056504675381 0.092309516805914
0 0.6690524435057787 0.45777944163641165 0.06464428298109545 0.10261034684397004
0 0.7406496666730031 0.6368501763133725 0.1468578610435351 0.2715460306460784
0 0.7206831211988758 0.4439596807619967 0.06302724082661779 0.09317167984777566
0 0.8073826487190223 0.7122374954770136 0.06616133118569749 0.09486151384016442
0 0.8383740943661003 0.621152239051223 0.06325449980360816 0.13223417984777566
0 0.8171626905789126 0.5079810769979444 0.07125789734428026 0.16536501482874755
0 0.8748337691323312 0.6641873146406547 0.14972833098930566 0.22792336463846716
0 0.6792864824388026 0.30974118965924535 0.0724113311856975 0.09511618182494201
0 0.7607677657144857 0.4009299223590398 0.09285109621281222 0.11781885277546919
0 0.6666642834720748 0.19700110912689764 0.08810905405833439 0.10825285178688597
0 0.7321892895221991 0.21151459528673316 0.07715337334017516 0.10468218281352523
0 0.4659699127641783 0.06786929642622816 0.23368517447164336 0.13573859285245632
0 0.6486778736347627 0.06651511308123034 0.10848518657189174 0.120018022737413
0 0.6709437590751863 0.013302518745899267 0.11748748184962743 0.026605037491798534
0 0.7851648194782325 0.10078800091422109 0.059974963699254855 0.10554434585538686