0 0.478125 0.671875 0.41875 0.384375
0 0.1140625 0.63828125 0.215625 0.21875
0 0.128125 0.46328125 0.1 0.0890625
0 0.228125 0.40390625 0.071875 0.0734375
0 0.3296875 0.3625 0.075 0.0765625
0 0.54765625 0.38828125 0.090625 0.0765625
0 0.446875 0.4125 0.090625 0.065625
0 0.45703125 0.33515625 0.08125 0.0609375
0 0.43671875 0.2859375 0.0640625 0.05
0 0.46171875 0.18203125 0.115625 0.06875
0 0.71015625 0.28203125 0.153125 0.13125
0 0.76953125 0.1109375 0.1265625 0.0953125
0 0.5609375 0.1390625 0.103125 0.05625
0 0.59375 0.215625 0.253125 0.1453125
0 0.2203125 0.346875 0.06875 0.0515625
0 0.11796875 0.3171875 0.065625 0.0390625
0 0.03359375 0.465625 0.0671875 0.075
0 0.01796875 0.40078125 0.0359375 0.0671875
0 0.82265625 0.63671875 0.3546875 0.4796875
0 0.8234375 0.1828125 0.0703125 0.05
0 0.89921875 0.28203125 0.1671875 0.2375
0 0.16015625 0.91015625 0.1859375 0.1796875
0 0.1046875 0.2953125 0.103125 0.0546875