0 0.28229514984444354 0.5231124837255587 0.4652629111675354 0.4816982579458465
0 0.2534938985839358 0.8844161037640523 0.25846733590559856 0.23116779247189534
0 0.4302367150437963 0.9059926038012331 0.10775750569998319 0.11501218775644091
0 0.5079953643071621 0.8135769521280782 0.08838479282674853 0.08306185079830257
0 0.5671679045360205 0.7180535465005903 0.09183757475773362 0.08787668479069169
0 0.5796671765796486 0.4944887125082015 0.09449268119435103 0.10356535178688589
0 0.5375728757071284 0.5922749550938275 0.08188342055068923 0.10149351581733086
0 0.6166430166726211 0.5931463884016445 0.07654035668871888 0.09192751482874754
0 0.6624964660522025 0.6208694817855733 0.06116672896477802 0.07260451186299814
0 0.771292311845158 0.6112000045229864 0.08988159084927698 0.12674818380210837
0 0.7145934696584987 0.34642523870565556 0.16180014951546742 0.17486203163466155
0 0.8971763767155346 0.31234069326801056 0.11898993664223276 0.14195668973360737
0 0.8318634611085238 0.518084015891693 0.07483574505632155 0.1121126808363588
0 0.76132136816556 0.47368541707055645 0.19233959135348008 0.2773795365775776
0 0.5632620185142064 0.8299314639910762 0.06451025025210164 0.07585684585538673
0 0.5753635447452086 0.9369773014435061 0.05179172896477802 0.0722225098858317
0 0.41334450996423167 0.9800707964634092 0.08529264381548422 0.039858407073181466
0 0.3776776137260844 0.2010729990485979 0.5477697725478312 0.3915772767289267
0 0.834304672140173 0.2478842624316518 0.06316627153942492 0.07891817885919253
0 0.7482357681852303 0.15662790965618267 0.26979831981405517 0.20419138737588022
0 0.04729135517610962 0.8091786818249421 0.09458271035221924 0.2121073636498842
0 0.5945834383085911 0.9486868159879268 0.07483574505632155 0.10262636802414633