0 0.41356603366846656 0.37326429549015805 0.4414169030016211 0.4251371645967459
0 0.10189780152425161 0.5415218740689867 0.20379560304850322 0.23929374813797324
0 0.17409797092772933 0.7004838052100677 0.10523292154477706 0.09862589867609231
0 0.2912036576960128 0.7200044007430071 0.07543633723582169 0.07849318114108109
0 0.4021547932346322 0.7228276478475228 0.07857951795398091 0.0817637303552928
0 0.5957962298065238 0.6161903118250963 0.09579428903121964 0.08725175103345731
0 0.4909996454975685 0.6300644131490039 0.09415906615858276 0.07467897642635143
0 0.5320059196980653 0.7007429402373091 0.08475679508134384 0.06955482878371626
0 0.5332548023098186 0.754721964844415 0.06749657220870695 0.056254308105551945
0 0.5991610825604395 0.843752385646414 0.11917724687674217 0.0789683701400449
0 0.7885786274453916 0.6572092258026696 0.1617374515990065 0.14499578453190337
0 0.9135781065645446 0.7974425816746912 0.13184087334017533 0.10767556699689215
0 0.7093218777399792 0.8481017454473768 0.1066136143631848 0.06744867328319834
0 0.7074690071302786 0.763617583536718 0.2618465359079618 0.1684033593866781
0 0.30650140476914656 0.7769821468140655 0.07062157220870695 0.05639985731976367
0 0.22328438379010357 0.8426563426374551 0.06743293969514967 0.04531680810555194
0 0.0762099167711991 0.7357791422659516 0.09107951795398088 0.08234592721213971
0 0.08360426025353668 0.8080180153014809 0.07071247579950317 0.07202485731976367
0 0.7720375847017389 0.2766484305173994 0.4371748305965223 0.5014813407754283
0 0.9351945522116228 0.7085812888706202 0.07375566256778683 0.05810790653397539
0 0.9366803050402931 0.5875239261741733 0.12173059601642038 0.24935364474715094
0 0.049731834407151274 0.23045378742738745 0.09946366881430255 0.2765325748547749
0 0.22000484768575004 0.8690732934232435 0.10659543364502548 0.06432367328319835