0 0.7620359286553726 0.9952949023767221 0.36282963978475224 0.00941019524655573
0 0.9479752353176917 0.5422851675264531 0.10404952936461669 0.35066639988706055
0 0.6879645345319033 0.6636772362105358 0.6240709309361934 0.6415600415286775
0 0.4297263887467858 0.8962141183170294 0.3493237196019258 0.20757176336594121
0 0.4327143399468588 0.7591438417263215 0.202410178245597 0.19722215244730937
0 0.49144706120592374 0.3807905995482421 0.22366874813797324 0.2187177208490433
0 0.42926389247083946 0.5010506206655168 0.17817215756743252 0.17866957352223167
0 0.2762417080199894 0.6783503260824804 0.14146837014004515 0.1266674577654509
0 0.2639686480524107 0.8163207629424182 0.1355822431755745 0.1341159367187636
0 0.20089291335389164 0.9006887866905287 0.12391699710451584 0.11785389988706037
0 0.30430458787994424 0.561556939208425 0.16316358767505648 0.15753802616718496
0 0.20436455396721348 0.6406613393072471 0.11610449710451584 0.11739887357870131
0 0.11039419188993893 0.8813934841443973 0.1408861732831983 0.11416745776545056
0 0.4825664050862333 0.156662854809914 0.25575781017246657 0.2720093208208084
0 0.35247876054397 0.4248983733669398 0.11981169396136267 0.13008088410204496
0 0.29230323986580553 0.40425267342340954 0.0856892510334573 0.10004477360693613
0 0.7438955492142117 0.32691225455580014 0.5122089015715765 0.5845372258283665
0 0.5875214247309404 0.08486272049610746 0.31566784946188076 0.11967254707269796
0 0.4610852032669877 0.06347429693152364 0.08154540653397539 0.07798776308359245
0 0.4150642278740936 0.062352141712204066 0.0768579065339754 0.0777147472985769
0 0.3897538587675057 0.03750406015629042 0.08263271753501131 0.03441977360693614
0 0.33205052067816443 0.036480615474432 0.1359760413563289 0.042201452503779026
0 0.22400915818660513 0.4267654392790122 0.14724748924663303 0.1503779735504665
0 0.20118162613590118 0.3046706314006219 0.1864598465663966 0.222783594568919
0 0.11425328432250634 0.7133260236069361 0.0882705955329393 0.12201077886860805
0 0.23353174565677381 0.1795565103115822 0.12802660835322088 0.17263240514873238
0 0.29866013192686947 0.08907499445597947 0.1343836162111037 0.14183743145709163
0 0.07729693982302432 0.6893579025884836 0.09244867328319831 0.11134629465362345
0 0.20683865901517465 0.12502092875566853 0.20742731803034928 0.23802916297065296
0 0.16422312758364327 0.24719976564384122 0.05810790653397531 0.0766226841585147
0 0.12119871960192588 0.22677387357870127 0.06860875889134013 0.06788472099021767
0 0.1470142028527029 0.19555396565795866 0.08554370181924557 0.09691977360693613