0 0.8192105738168085 0.9727801848624417 0.3109803494618809 0.05443963027511671
0 0.9195398662111037 0.4793605649602875 0.1609202675777926 0.2959548078880957
0 0.6690242133966728 0.6415716093519214 0.4561688407754282 0.4674083684754837
0 0.5100688602107385 0.916634160792525 0.2730137766740205 0.16673167841494987
0 0.4744116883752822 0.7755168664008913 0.14830056699689215 0.14202432448483507
0 0.44295821132975827 0.434489124699261 0.16301803846084476 0.15715241701630234
0 0.41727546877335636 0.5516523912960005 0.1291139193542568 0.13122853444287905
0 0.3285704954473768 0.7364399431608115 0.10371150496239867 0.0872650468904336
0 0.3474917774980808 0.8585400861071972 0.09797092721213971 0.09772895020978148
0 0.31435825392443223 0.9494485060232847 0.09001287799792798 0.09401195435896632
0 0.3274916848606256 0.6297046910862191 0.11744867328319834 0.11477474025173766
0 0.2615820485905299 0.718907978428883 0.0835445541766104 0.0888508576783142
0 0.23545200392443225 0.943469347930052 0.10298375889134012 0.07164004689043324
0 0.3887672092628437 0.2404305487645333 0.18097182588823219 0.20833640871793263
0 0.3386025051672865 0.5005383319580123 0.08398120181924558 0.0982258576783142
0 0.28384223056018065 0.49483186100230653 0.058035131926869446 0.07601897095570571
0 0.72578125 0.28780891454072466 0.5484375 0.5071831087272214
0 0.45085833271265774 0.10267136225170637 0.26734166542531546 0.157272661417225
0 0.3508990281217625 0.16282576702094678 0.0573073858558109 0.060393970955705846
0 0.31245511228216233 0.17314703776687118 0.057234611248705033 0.058831470955705845
0 0.28131212014004514 0.13964745353377372 0.06312073821317572 0.05149256763635792
0 0.3258219454091048 0.09241817863866444 0.07351458271265772 0.07407796265733609
0 0.23056510339082212 0.10310537967363849 0.10916529238978612 0.13750184523075956
0 0.2920633755167287 0.06961929606524095 0.0903767510334573 0.10182445435896632
0 0.2332086838271683 0.5275842388018452 0.10629284946188075 0.10925844606059662
0 0.1879988835794993 0.4260683603776066 0.12468328453190329 0.16981743776222674
0 0.20301187737424628 0.7985470116223621 0.05578342721213971 0.09453217261538001
0 0.18808231265366585 0.3108577574731772 0.08104029238978612 0.13537066016782512
0 0.22274194892376148 0.21928648672725276 0.09357452564056316 0.10362375269929239
0 0.1681638424280582 0.7857859798787755 0.06308650496239872 0.0841866684661948
0 0.1500878529765374 0.24725627614450912 0.13206344499482006 0.22798513527271586
0 0.14477326840185284 0.38386828236828646 0.04019266046291672 0.06065408008391256
0 0.10538328266987648 0.3738770531142109 0.04905823821317572 0.050426975104890734
0 0.11948001592065349 0.3422485448158411 0.057816808105551856 0.07133147095570588