0 0.4453125 0.66484375 0.36875 0.3234375
0 0.09453125 0.56171875 0.1859375 0.1890625
0 0.1421875 0.39296875 0.0890625 0.0734375
0 0.2515625 0.35390625 0.0625 0.0625
0 0.35859375 0.33203125 0.0640625 0.065625
0 0.56875 0.39921875 0.08125 0.0640625
0 0.46484375 0.4046875 0.0828125 0.0515625
0 0.4890625 0.3296875 0.0734375 0.0484375
0 0.47890625 0.278125 0.0578125 0.040625
0 0.5234375 0.18046875 0.109375 0.0484375
0 0.74765625 0.3265625 0.1375 0.1078125
0 0.83828125 0.16953125 0.115625 0.075
0 0.62890625 0.15703125 0.0984375 0.0390625
0 0.64609375 0.23828125 0.240625 0.103125
0 0.2546875 0.29609375 0.0625 0.040625
0 0.159375 0.24765625 0.0625 0.028125
0 0.0390625 0.3765625 0.078125 0.0625
0 0.03046875 0.30625 0.0609375 0.05625
0 0.82265625 0.70390625 0.3546875 0.4234375
0 0.878125 0.25078125 0.065625 0.0390625
0 0.93359375 0.3625 0.1296875 0.2203125
0 0.078125 0.878125 0.140625 0.24375
0 0.15078125 0.2234375 0.0984375 0.0375