0 0.21078582201919677 0.5727109159544248 0.23641237353266967 0.31264973137238705
0 0.06769265191029974 0.28541458425733673 0.11716172578442305 0.2979208314853265
0 0.2932211829088235 0.3906881002541138 0.10236114126984167 0.13983531570031094
0 0.34086454580103503 0.5345522213431535 0.07581962523071262 0.09003273677523324
0 0.3463959615909954 0.9145505344832158 0.19162390036914018 0.1481476156156063
0 0.4448940183462556 0.8852886977362173 0.1415027868586199 0.1919284367187636
0 0.4778579102344061 0.8245563240869289 0.1387783050572171 0.19799642619541977
0 0.552869599778518 0.7347133031108287 0.0965116594684389 0.14572129465362343
0 0.5541736790513122 0.6326957768024695 0.07642040252860856 0.09940773677523325
0 0.6132470928386877 0.6857150900131188 0.09092299352159508 0.13138577886860786
0 0.619780090217794 0.5551630400272363 0.09544980721668565 0.15344278939195172
0 0.6521524992248077 0.5219109242704556 0.12004928901808824 0.14864887357870132
0 0.624031091915837 0.34005397951801 0.07802247532299766 0.12440773677523324
0 0.5268149329088235 0.3770828136341724 0.07067105027685514 0.10685621572854584
0 0.47695224012550896 0.5289785135777028 0.09721256631598418 0.15665879465362345
0 0.4501337145256561 0.30626905567107743 0.1462694324473981 0.24201944198043535
0 0.38408031307678164 0.19327550298377177 0.12008886181247735 0.17355786831702943
0 0.3607591363325961 0.39224362400222434 0.07772208667404978 0.11972023677523325
0 0.5783939127076414 0.06351095022587894 0.2067878254152827 0.12702190045175787
0 0.4011107194629016 0.04662582906625208 0.3022214389258032 0.09325165813250416
0 0.5730681716500565 0.41359716630736065 0.05867169802510173 0.11394067363517095
0 0.698231253082319 0.2620207138035816 0.11630252775932134 0.1873473525320139