0 0.0296875 0.6060772831774873 0.0578125 0.15658634328594587
0 0.32265625 0.744216590850059 0.253125 0.19678513817089788
0 0.3515625 0.619829669207086 0.121875 0.08977154800821019
0 0.50625 0.6829922236582039 0.140625 0.11800563231716552
0 0.55390625 0.9155274677062755 0.1734375 0.1635090298578376
0 0.48671875 0.597168353146699 0.10625 0.09124314441741391
0 0.36875 0.5087921752572102 0.121875 0.10227154800821019
0 0.5953125 0.5113803231906656 0.1796875 0.08854539129415606
0 0.7015625 0.5779496787732517 0.125 0.08041472872636941
0 0.10390625 0.4908017411212054 0.121875 0.08508404800821019
0 0.04609375 0.5286380844071512 0.0921875 0.07084883118569749
0 0.184375 0.4317398376286051 0.084375 0.06455337939029934
0 0.49140625 0.44792233206946025 0.0828125 0.052044289031219645
0 0.22578125 0.3635301931129952 0.1265625 0.07417381908544902
0 0.4984375 0.401006425453602 0.084375 0.04736587939029935