0 0.4286624093426326 0.2553336249062844 0.2835498962703781 0.20156772568305578
0 0.6778900468904335 0.09257289931694422 0.2804248962703779 0.18514579863388844
0 0.5935905149463544 0.33523606440145787 0.12658765601864025 0.08561280452090285
0 0.4649452966899409 0.37266594206062464 0.08129846680652086 0.06428201196784719
0 0.10588960540322911 0.36458787044097213 0.16868191286711753 0.16769925911805572
0 0.14779460810252149 0.4528320996394096 0.18063653859206377 0.1196254350298613
0 0.208093490675945 0.484298998765729 0.17883724025173775 0.11646406743868062
0 0.28859905208852565 0.5552096043890623 0.1341633576783142 0.08266964247680555
0 0.3805380983542592 0.5601133503049998 0.09223596680652095 0.06453658510611113
0 0.33348642221439445 0.6105140470183679 0.11818316016782511 0.07761846656500015
0 0.4508990651607802 0.6210859114754163 0.14029495850815116 0.08125261284152785
0 0.4821732985640407 0.651663111038576 0.1357025468904336 0.10298214247680573
0 0.643548506447492 0.6330371315557981 0.11254846680652086 0.06500936379145834
0 0.609396804163118 0.5438298144014578 0.09488737012586893 0.05835932028847228
0 0.4717774823775752 0.49381424344739544 0.14185745850815118 0.08128898043270852
0 0.6717891377715156 0.47898475798069384 0.21825493776222676 0.12206075721819473
0 0.7724510659859728 0.42342312937159665 0.15734074855010755 0.10036628875333342
0 0.5934613829976307 0.39550141717499954 0.10786096680652087 0.0649002610179168
0 0.9157717843426326 0.598765355435902 0.1684564313147348 0.18437891926229177
0 0.9289682174312208 0.43255847397701314 0.14206356513755836 0.28979246466513897
0 0.5764784830022751 0.5845100189986108 0.10355197510489074 0.04920252583555573
0 0.715282719104828 0.7018040089306246 0.16960395020978147 0.09753222948277802