0 0.7430887027573446 0.6145289905869344 0.11743886724704353 0.23054669802510191
0 0.8515614661516867 0.3493323920358088 0.1173479390337981 0.22742169802510173
0 0.6359401293212373 0.46963919031007917 0.04670516693047411 0.10436612739018099
0 0.6272136501709198 0.5985256539128846 0.04083560015828454 0.0634407387412331
0 0.7086504844275797 0.9374136690291628 0.10624530298213627 0.12517266194167434
0 0.6161076317620127 0.9136302197674434 0.06516566191590947 0.14921755243632367
0 0.5740505124033983 0.8618081014765611 0.06204066191590947 0.14901729333702463
0 0.49415241224511375 0.7958641239940951 0.03760295157021041 0.11314035009228504
0 0.4705808684341776 0.7093561250738292 0.03954588479802066 0.07271560919158375
0 0.43235109421928275 0.7622715715577714 0.0402733105039836 0.09771560919158376
0 0.40028508880900643 0.6518254248892591 0.03631323620994635 0.12241522054263569
0 0.3652963233696003 0.6285288247969739 0.06389266693047428 0.10546755243632351
0 0.35057093065402084 0.4708467327242533 0.02929034639736088 0.09545220234403846
0 0.43843464350700223 0.4889539875046154 0.030443669437756782 0.08148983189368764
0 0.5137421835570146 0.6115286967884842 0.03631323620994635 0.12241522054263569
0 0.48786033049573624 0.41882076264304297 0.05237615690134447 0.19206638648947968
0 0.5183397891920827 0.3139422979605034 0.05212009263643722 0.12966651603912896
0 0.5809032883341528 0.4809283412975282 0.03080738229073816 0.09398983189368781
0 0.3235009991420702 0.1837076781284615 0.12472251834240007 0.15927247532299776
0 0.4725175091712 0.10592024444444566 0.23878501834239999 0.1665819324473982
0 0.4083212461725694 0.5260138965116289 0.015136918184115444 0.09142603639719446
0 0.271704133082161 0.413546570016612 0.043199733702664035 0.14469073874123312