0 0.06953125 0.56640625 0.1390625 0.1390625
0 0.37421875 0.70078125 0.2234375 0.16875
0 0.4046875 0.58984375 0.1078125 0.0765625
0 0.5421875 0.65234375 0.1234375 0.1015625
0 0.578125 0.87578125 0.1515625 0.1640625
0 0.52734375 0.57421875 0.0921875 0.078125
0 0.4234375 0.48984375 0.10625 0.0875
0 0.62734375 0.50078125 0.159375 0.0734375
0 0.72109375 0.56484375 0.1109375 0.06875
0 0.18515625 0.4640625 0.1078125 0.071875
0 0.12578125 0.49609375 0.0921875 0.0609375
0 0.259375 0.4140625 0.075 0.0546875
0 0.5359375 0.43984375 0.0734375 0.04375
0 0.2984375 0.35390625 0.1125 0.0625
0 0.54375 0.39765625 0.075 0.0390625