0 0.425 0.72421875 0.21875 0.103125
0 0.69140625 0.84921875 0.215625 0.103125
0 0.56484375 0.6265625 0.1 0.040625
0 0.4375 0.609375 0.059375 0.0375
0 0.0796875 0.66875 0.159375 0.0953125
0 0.1234375 0.578125 0.14375 0.05625
0 0.17421875 0.53984375 0.1421875 0.053125
0 0.23671875 0.4640625 0.109375 0.03125
0 0.321875 0.44609375 0.06875 0.034375
0 0.26875 0.40546875 0.09375 0.034375
0 0.37734375 0.3796875 0.1171875 0.028125
0 0.4 0.34609375 0.0984375 0.0578125
0 0.55625 0.34140625 0.09375 0.0234375
0 0.540625 0.42890625 0.078125 0.025
0 0.42109375 0.4953125 0.11875 0.028125
0 0.61171875 0.48203125 0.1859375 0.040625
0 0.71640625 0.51953125 0.125 0.04375
0 0.553125 0.5703125 0.0890625 0.025
0 0.840625 0.3328125 0.146875 0.115625
0 0.925 0.4875 0.15 0.228125
0 0.503125 0.39609375 0.090625 0.009375
0 0.6109375 0.2671875 0.140625 0.034375