0 0.5298923442695208 0.6956235227283798 0.2843744842481845 0.16737336499257688
0 0.8412278123068478 0.8668246568312918 0.2811219384905499 0.16564709068231737
0 0.7018633259326313 0.5916752498884583 0.1285393303053814 0.06896908525525039
0 0.5509546591129507 0.55956983604822 0.07920901000193972 0.05549308344622794
0 0.1352339353257479 0.5994024564678636 0.1829714809142046 0.14494508706427284
0 0.17707100683713767 0.49678206750371157 0.185267562427534 0.09683513568479167
0 0.23963490865390877 0.45584280698826196 0.18188747091226495 0.09354636137453234
0 0.3182225521357302 0.3709112070336905 0.13871155575957417 0.06016729534115868
0 0.42064605046874026 0.3569129047951269 0.09001896424430508 0.05450379353213641
0 0.359023153193897 0.3036517859573628 0.1216516015172087 0.06082903663473136
0 0.48990649137518616 0.28266982134889884 0.1463965100019397 0.05901423111680746
0 0.5189404160707747 0.2442723846687389 0.13175992515463034 0.08936347241038015
0 0.7046546465259372 0.25101595036342816 0.11906873545613247 0.048247149479601605
0 0.6824763707721819 0.3541752498884584 0.10019118969849786 0.04570200361804462
0 0.5367331781987461 0.4237961103584794 0.14795901000193973 0.05909611827193721
0 0.7642522713810053 0.4236412228646653 0.23268469636645756 0.08687363749381412
0 0.8870677601711175 0.47683374265236916 0.15886455909355418 0.07833744120271575
0 0.6900013125967119 0.5232527985089773 0.1128187354561323 0.047919600859082576
0 0.971476000459042 0.2628797060176377 0.05704799908191589 0.15244997060135787
0 0.639061339558415 0.312513372344267 0.109725686364518 0.02908771370395282
0 0.7739310628865759 0.1673569233396352 0.17528678454774677 0.06986319990914298