0 0.45703125 0.7328125 0.2296875 0.13125
0 0.73828125 0.81953125 0.2265625 0.1328125
0 0.58203125 0.61640625 0.1046875 0.0546875
0 0.453125 0.6171875 0.0640625 0.0453125
0 0.10703125 0.72578125 0.1703125 0.1171875
0 0.13828125 0.6296875 0.15 0.075
0 0.1828125 0.58515625 0.1484375 0.071875
0 0.234375 0.50078125 0.1125 0.046875
0 0.31640625 0.47109375 0.0734375 0.0421875
0 0.2578125 0.43828125 0.0984375 0.046875
0 0.36171875 0.39765625 0.1203125 0.04375
0 0.3796875 0.36171875 0.10625 0.0703125
0 0.53359375 0.33515625 0.096875 0.0359375
0 0.53046875 0.42421875 0.08125 0.034375
0 0.42109375 0.50625 0.121875 0.04375
0 0.6078125 0.46640625 0.1890625 0.065625
0 0.7171875 0.4890625 0.13125 0.0609375
0 0.5625 0.5625 0.0921875 0.0375
0 0.8140625 0.28671875 0.1625 0.134375
0 0.9140625 0.428125 0.171875 0.246875
0 0.48828125 0.396875 0.0921875 0.021875
0 0.57734375 0.25390625 0.1453125 0.053125