0 0.06419225203024254 0.3824170693800366 0.12838450406048507 0.16951359016268785
0 0.3974754232973643 0.2765654825369984 0.275720568991998 0.22189422247985346
0 0.411686153411862 0.40225128376666247 0.13143300649282175 0.10075449980360815
0 0.5734418595803721 0.35443997678146183 0.1538534772718286 0.1321317648307229
0 0.6518470978092493 0.11416443472517998 0.19573306006354407 0.204243114166793
0 0.543076475246529 0.4382018984244348 0.11583528003177221 0.10222609621281205
0 0.4151639350684871 0.5162819675098838 0.1332136948044244 0.11326359016268786
0 0.6406179026010831 0.533718410622879 0.1893273271096728 0.10577834308955403
0 0.7548673632338201 0.4775906095896067 0.13444891233702042 0.09452268052176756
0 0.14892132630218918 0.5084568737329586 0.1297886858759707 0.09605790944452863
0 0.08874748539279868 0.4650613977370637 0.11238299756436802 0.08345791549465283
0 0.22119970089679972 0.5744358768562166 0.09344208279171565 0.0724113311856975
0 0.5295343522767715 0.5874842809379921 0.08853639448011279 0.05988406010845857
0 0.2543064813356089 0.646892138956465 0.1343125446422687 0.08671018052176756
0 0.5310462593387861 0.6351268953993726 0.09001707386326192 0.055205650467538094