0 0.9333578742750538 0.15112834711314077 0.13328425144989248 0.178348233209777
0 0.5850387734452168 0.03845730431535209 0.07104805103961845 0.07691460863070418
0 0.42945992781347186 0.49885907441728605 0.07334425684847723 0.08359623920022674
0 0.4121684518833885 0.6428099710592414 0.10909342531467221 0.14406251324684405
0 0.4841805487645333 0.36300093077055556 0.09964664772027057 0.10165675843752045
0 0.42177286930067626 0.2320163147986392 0.061104365976683894 0.06602679328391084
0 0.5405102912913561 0.18635409601683245 0.1565371103776066 0.17376986061443872
0 0.2846274828017825 0.8720758635248457 0.08870914772027057 0.10127481252120454
0 0.26986163009784575 0.5945138587155222 0.10779103444287888 0.12687501324684405
0 0.5211327452493372 0.8403173989193901 0.11775803029369403 0.135014895460829
0 0.7449021319719455 0.8575693531884087 0.22112167386477974 0.24459328130301117