0 0.9731076311888603 0.9363202627306567 0.05378473762227927 0.12735947453868662
0 0.6290340096057105 0.9854116681617378 0.05805469468185844 0.029176663676524585
0 0.4565795548240314 0.48674519695975854 0.06888577886860806 0.08654371572854594
0 0.43640502076433874 0.32751441012805554 0.10065098933548207 0.150681810438639
0 0.5185775678370367 0.6421831258566014 0.0963583314853265 0.10371580517696728
0 0.4515860308641594 0.7753148732963526 0.059981215728545756 0.06733868942018653
0 0.5816522334385257 0.8428425494917724 0.15072658404557515 0.1816279735504665
0 0.2961539341585147 0.0717509865634717 0.08102175782192056 0.0810217578219206
0 0.28247565493697085 0.3582576339608706 0.10112142619541978 0.13202281570031094
0 0.5526993367469983 0.13185184158514715 0.114076452503779 0.14056335779368573
0 0.7955238735787014 0.1568951571442838 0.20979774715740263 0.23334166297065298