0 0.19857098198999662 0.9461826388215739 0.11458665990702759 0.10126802273741298
0 0.3001334819899967 0.9420442840689385 0.1083366599070276 0.10101335475263547
0 0.17084055783301108 0.5720275558177683 0.11247785668871887 0.09339185574121878
0 0.29786650562310857 0.8536038665784524 0.08802415990702758 0.10018568380210838
0 0.1313146100429136 0.2868858932701982 0.17884553788306992 0.1958112015966055
0 0.03177379592884162 0.2078934130418617 0.04672145273377605 0.17796317391627658
0 0.05690982576613988 0.37688349357420936 0.06924130891829186 0.12123301285158128
0 0.1930983340640131 0.4645678828900749 0.14591306956195363 0.12591519566510634
0 0.25973381302879117 0.5323655365403963 0.09452553218308672 0.08175401878308045
0 0.35829663518863486 0.6309847672630245 0.0715579257464694 0.0652376808363588
0 0.3251727787520175 0.6166649406850094 0.055965776735205176 0.04278967787060921
0 0.1625852974414509 0.6444437252854207 0.0900894044591459 0.0628766847906915
0 0.08011165102807666 0.6078469920913345 0.06763525025210153 0.07598417984777565
0 0.418022288387273 0.31986158346091614 0.4459230492830363 0.4279365879839025
0 0.3458405578330111 0.5648968522439966 0.055386622528160775 0.05678851087441501
0 0.3124817546147024 0.5584213591640788 0.06610560124083724 0.054109179847775656
0 0.33221437245128616 0.7957940251716898 0.07991672896477811 0.07336851581733086
0 0.37584404015198386 0.8371074332706356 0.07958894703379285 0.06868101581733085
0 0.3447200902681994 0.7169368547154544 0.08594820767745456 0.07049818380210837
0 0.3885464999231254 0.7386553458182059 0.06218292574646948 0.06485567885919252
0 0.3718781699696116 0.6907590152858581 0.07333894703379293 0.06842634783255316
0 0.48994510895763277 0.7321732410655704 0.07188570767745475 0.06992518083635879
0 0.32902476240837253 0.5036874382135517 0.06308986188449897 0.0555443458553869
0 0.45631923592526896 0.5314065785180002 0.07355746832111638 0.07155134783255335
0 0.4326357174879371 0.5848645009514021 0.07399451089576328 0.07780134783255335