0 0.07421875 0.93671875 0.115625 0.0890625
0 0.0875 0.81015625 0.1 0.06875
0 0.18046875 0.790625 0.075 0.0546875
0 0.18984375 0.871875 0.05 0.0515625
0 0.40546875 0.88046875 0.0546875 0.0484375
0 0.45859375 0.97734375 0.0546875 0.04375
0 0.68359375 0.95703125 0.078125 0.0734375
0 0.8453125 0.971875 0.128125 0.05625
0 0.74609375 0.82734375 0.1390625 0.1015625
0 0.47109375 0.84921875 0.0671875 0.0625
0 0.56484375 0.8078125 0.1 0.0765625
0 0.4859375 0.76171875 0.065625 0.05
0 0.38203125 0.6859375 0.0515625 0.034375
0 0.29921875 0.68671875 0.10625 0.0578125
0 0.26015625 0.5921875 0.05625 0.0484375
0 0.18515625 0.72109375 0.0515625 0.0390625
0 0.21640625 0.69296875 0.0390625 0.04375
0 0.55625 0.734375 0.0828125 0.0640625
0 0.790625 0.7484375 0.0640625 0.053125
0 0.840625 0.74765625 0.0359375 0.04375
0 0.4015625 0.71875 0.034375 0.0234375
0 0.4515625 0.703125 0.059375 0.0546875
0 0.5109375 0.69140625 0.0421875 0.0359375
0 0.63046875 0.690625 0.1609375 0.05625
0 0.49921875 0.65 0.115625 0.04375
0 0.46171875 0.57890625 0.0515625 0.0421875
0 0.41171875 0.621875 0.0546875 0.0640625
0 0.34453125 0.6375 0.0625 0.05625
0 0.275 0.6375 0.05625 0.0390625
0 0.35 0.5890625 0.06875 0.046875
0 0.42265625 0.46171875 0.0359375 0.0375
0 0.45625 0.47421875 0.040625 0.03125
0 0.45625 0.51875 0.0421875 0.021875
0 0.3953125 0.51171875 0.065625 0.034375
0 0.41171875 0.55234375 0.05 0.034375
0 0.35703125 0.55390625 0.046875 0.04375
0 0.32578125 0.49453125 0.0375 0.0359375