0 0.059375 0.921875 0.1171875 0.0921875
0 0.0765625 0.7953125 0.1015625 0.071875
0 0.1703125 0.7796875 0.0765625 0.05625
0 0.1765625 0.8609375 0.0515625 0.053125
0 0.3921875 0.87734375 0.05625 0.05
0 0.4421875 0.97578125 0.05625 0.0453125
0 0.66640625 0.9625 0.0796875 0.075
0 0.82890625 0.9765625 0.1296875 0.046875
0 0.734375 0.8359375 0.1421875 0.10625
0 0.45859375 0.84765625 0.06875 0.0640625
0 0.5546875 0.81015625 0.1015625 0.0796875
0 0.47734375 0.7609375 0.0671875 0.0515625
0 0.37578125 0.68203125 0.0515625 0.0359375
0 0.29296875 0.6796875 0.1078125 0.0625
0 0.25703125 0.58359375 0.0578125 0.05
0 0.17734375 0.71015625 0.0515625 0.040625
0 0.209375 0.6828125 0.040625 0.04375
0 0.5484375 0.73671875 0.0859375 0.065625
0 0.78203125 0.75859375 0.065625 0.05625
0 0.83203125 0.759375 0.0375 0.04375
0 0.39375 0.71484375 0.034375 0.025
0 0.44453125 0.7015625 0.0609375 0.05625
0 0.5046875 0.69140625 0.04375 0.0375
0 0.62421875 0.6953125 0.1625 0.0609375
0 0.49375 0.65 0.115625 0.0484375
0 0.45859375 0.57734375 0.053125 0.04375
0 0.40703125 0.61875 0.0578125 0.065625
0 0.33984375 0.63203125 0.0640625 0.0578125
0 0.2703125 0.6296875 0.0578125 0.040625
0 0.346875 0.58359375 0.0703125 0.0484375
0 0.42421875 0.45859375 0.0359375 0.0390625
0 0.45703125 0.47265625 0.0421875 0.0328125
0 0.45546875 0.5171875 0.0421875 0.0234375
0 0.3953125 0.5078125 0.0671875 0.0359375
0 0.41015625 0.54921875 0.0515625 0.0359375
0 0.35546875 0.5484375 0.0484375 0.0453125
0 0.32578125 0.4890625 0.0390625 0.0375