0 0.9366836888295834 0.1419611359442694 0.09498780452090294 0.12783769970043757
0 0.807359864741389 0.14699983806060296 0.07587412860909737 0.11068215060882318
0 0.7916459053945835 0.2424080618478058 0.059667247150208526 0.08440669303247779
0 0.8754214933504862 0.25704425988125346 0.05592399810013902 0.05758910151720879
0 0.893067507502535 0.4791583759423297 0.052908100873680655 0.062021510001939714
0 0.985105944480712 0.5401274400368536 0.029788111038575947 0.0594386439408634
0 0.9708275251699655 0.7684757095816911 0.05834494966006894 0.08880715060882309
0 0.986544750568681 0.9342777289573505 0.026910498862638122 0.13144454208529907
0 0.8528308993137506 0.8275482074556593 0.11119468597979179 0.15411315727678315
0 0.8641807477188893 0.5446399836684563 0.06726154160312489 0.07566942182065048
0 0.825047472167674 0.638916271091141 0.08212412860909737 0.11119233363936125
0 0.7739557912218753 0.5544298297256532 0.054725174011944586 0.07308655575957416
0 0.6925947288171879 0.44252001896510923 0.037173998100139015 0.05605855242559432
0 0.6898314450978476 0.3572999960862919 0.06351959897381967 0.11591178454774695
0 0.5905029391139238 0.3109833633553162 0.05294446846486114 0.06358401000193972
0 0.7198981919637154 0.24200970699661717 0.043423998100139014 0.05656873545613248
0 0.6925369113785071 0.27252638335919555 0.04629442496187508 0.04588632697140156
0 0.7483031342117713 0.6248540289670489 0.06918771751493065 0.09142196757828494
0 0.7734349932535771 0.8670733509374806 0.057813806420763926 0.07177914727484343
0 0.7746351237625355 0.9186358509374806 0.04622168977951393 0.04276132697140156
0 0.7266430737069448 0.4647935027542518 0.025800087005972295 0.036415732122152634
0 0.7122182042159031 0.5150805451779064 0.05926720364722229 0.06721919303247788
0 0.7027172240675352 0.5759064748744647 0.03851829255305557 0.046811098183228775
0 0.7071345799752089 0.6986902706320992 0.06482883225631966 0.17216178454774678
0 0.6594757171336809 0.5606802165395148 0.04963893692972228 0.12257637272903601
0 0.5851653949453477 0.5171855659306918 0.046548998100139016 0.05682382697140156
0 0.6269158306407989 0.46834932426564146 0.06853310087368066 0.06329696757828493
0 0.6409406566288545 0.4008747818419868 0.06090243882958344 0.07047173879011233
0 0.6377052474345488 0.3288722360843523 0.043533100873680654 0.06125623545613248
0 0.5910861269935767 0.40304331759768164 0.05170927678548622 0.07751896424430509
0 0.46241757275701423 0.469736996835198 0.03837282218833345 0.04056109818322895
0 0.4772801597629865 0.5052599086539088 0.03223192496187508 0.044738415152690794
0 0.5225744759673961 0.5081774856253103 0.022893292553055743 0.04553564060688355
0 0.5133072723201739 0.44503975683713765 0.03750130642076392 0.07012105242559433
0 0.5558584482319795 0.4641084922932701 0.03713763050895835 0.05449605242559432
0 0.5553304649494795 0.4079222651720874 0.048038762917777866 0.05382637272903601
0 0.4928843631258683 0.37163420774552325 0.03837282218833345 0.04056109818322877