0 0.90625 0.9234375 0.1578125 0.0984375
0 0.7390625 0.92109375 0.1125 0.0921875
0 0.7953125 0.78984375 0.165625 0.11875
0 0.51875 0.853125 0.0734375 0.0765625
0 0.60859375 0.790625 0.0890625 0.1
0 0.82578125 0.7140625 0.0828125 0.078125
0 0.96875 0.68515625 0.0625 0.0640625
0 0.52734375 0.7640625 0.0640625 0.0484375
0 0.14375 0.96796875 0.128125 0.0640625
0 0.13671875 0.859375 0.10625 0.0875
0 0.25078125 0.9203125 0.0796875 0.059375
0 0.27421875 0.8578125 0.0578125 0.0296875
0 0.23046875 0.8328125 0.0765625 0.04375
0 0.2171875 0.7625 0.0734375 0.053125
0 0.31953125 0.7546875 0.1421875 0.134375
0 0.43125 0.73671875 0.0390625 0.0359375
0 0.49609375 0.7203125 0.0375 0.0265625
0 0.54609375 0.690625 0.04375 0.046875
0 0.6609375 0.678125 0.15 0.0640625
0 0.5296875 0.65078125 0.1125 0.05
0 0.69765625 0.52890625 0.3953125 0.3328125
0 0.3375 0.6734375 0.228125 0.0859375
0 0.275 0.6296875 0.0703125 0.0296875
0 0.296875 0.60625 0.0640625 0.03125
0 0.30703125 0.5875 0.0515625 0.0234375
0 0.32578125 0.53046875 0.040625 0.0515625
0 0.4515625 0.60234375 0.0953125 0.05625
0 0.39765625 0.5890625 0.134375 0.09375
0 0.425 0.5171875 0.1296875 0.0484375