0 0.08879452754143137 0.9048950535574379 0.17522262485506795 0.18249578453190338
0 0.02968047930755774 0.6106977514477421 0.05936095861511548 0.10153257485477489
0 0.08252790739746915 0.7051690353604728 0.1393809775802247 0.12479029238978612
0 0.17779338360056798 0.9396638517381923 0.10947033697334119 0.10160534946188093
0 0.11172081300726215 0.6049678281645438 0.07069487939699584 0.08423375889134022
0 0.025733581513329405 0.1626797824649887 0.05146716302665881 0.13714043507002258
0 0.007669494539988213 0.3256528174111768 0.015338989079976426 0.07369436517764641
0 0.027957966889722092 0.26983731100103603 0.055915933779444184 0.0981507096771285
0 0.10478399741492614 0.24183428143153143 0.0795277454580721 0.09709763192686945
0 0.1169017469558842 0.3603466869320494 0.19161289940087517 0.19259853060296184
0 0.14069044907221775 0.4884331455757206 0.05108401000193963 0.05374573821317572
0 0.1620395484633946 0.560597089951368 0.0397638727290361 0.048548815963434674
0 0.19898169694618587 0.6133560628630628 0.06565669303247779 0.06065070967712849
0 0.21698278466843313 0.7456034826316044 0.10880039940087513 0.18874147642635145
0 0.24542613331070387 0.5878444865605459 0.08478907242947357 0.14248290653397538
0 0.394597601637895 0.7435571774215367 0.4774537730479951 0.490762164596746
0 0.21366517665244245 0.36673577398793333 0.15239064485894732 0.2841652923897862
0 0.2637924645341692 0.2865730849889693 0.04920251666989941 0.08790241439185813
0 0.2916305510484684 0.307846617453958 0.051689787881726804 0.08023546360606985
0 0.31430277650266125 0.3161299983473701 0.03960437606301594 0.06566354135632882
0 0.3826223418051332 0.32773527833115945 0.06996155575957416 0.05618153349844608
0 0.3003365160416796 0.4872237483473702 0.08625597758022466 0.12231595574818713
0 0.31494089210469556 0.42272460070473505 0.14046498758216436 0.1762072431755744
0 0.40059147861899486 0.44130547270680703 0.08475712152108805 0.16116013192686934