0 0.09133194863085596 0.1580152547738848 0.10015119171077376 0.1259723493799445
0 0.13187071840251946 0.25454763527271584 0.07875635277546911 0.09787066016782511
0 0.05079447334543534 0.2717691788391571 0.06829901384016446 0.07059776514684701
0 0.0897136877936221 0.5005812630722545 0.06686384783255321 0.07360436597668389
0 0.09868541707055649 0.7972194647319285 0.05050401878308031 0.09261447510489074
0 0.22172101045448542 0.854051650419563 0.14756470258518864 0.18096842531467203
0 0.13754103414330057 0.5657335890069823 0.08625051779449713 0.09065015601864027
0 0.20064055342067247 0.6616390074731772 0.10965352570316256 0.1298077444009227
0 0.23132286764139778 0.5736187892167637 0.07206068380210837 0.08645956348717299
0 0.28491875844013803 0.45540250809787713 0.05092051285158128 0.06460787427505359
0 0.26657332364944647 0.3683402159813284 0.09259335969555131 0.13163035352912936
0 0.355623894790254 0.3174540674358653 0.06692751482874763 0.07516686597668398
0 0.20417679992345034 0.2514594466852965 0.05723417984777566 0.06664397095570589
0 0.24041538885875496 0.2806859280139645 0.0568521778706093 0.05726897095570589
0 0.2754986319758538 0.6447251172260838 0.09013952174882985 0.10963695435896632
0 0.31365118387647045 0.8929500522890184 0.07512201680591399 0.08513386182749941
0 0.3259084447508854 0.9452821468950781 0.05672484387822054 0.05414397095570607
0 0.2563135973754427 0.47971542386477967 0.03446784190105419 0.043111382573423465
0 0.2832872742574688 0.5300473105873881 0.07493101581733086 0.08044636182749905
0 0.30998903710905007 0.5928199977249149 0.05222834486680368 0.05847627344521662
0 0.33689372980840704 0.7179150861071972 0.10582287155854946 0.18870914772027056
0 0.3497545326604258 0.5748046261491535 0.08028436068413444 0.13537066016782512
0 0.4140279382879137 0.5274928408810821 0.060422846843970035 0.06844326929603177
0 0.35833901239447075 0.4796580695104577 0.0826798488211364 0.0794758576783142
0 0.32750816505620906 0.41112063444752334 0.076684516805914 0.08525226099766207
0 0.31126639973316983 0.3374579915011376 0.05748884783255317 0.0728939709557058
0 0.3789114975657231 0.4111215570629031 0.06750051779449713 0.08922936597668407
0 0.5271699254363325 0.4753168794731458 0.04872134288963732 0.04886447510489074
0 0.5216348498469007 0.5115028332074122 0.044224843878220454 0.05319677759440165
0 0.47507818482787256 0.5157633581025214 0.03478617688202625 0.05092388257342364
0 0.4693428379839025 0.45146405976219545 0.05474584980971962 0.08203217261537983
0 0.43051775992301283 0.4734448809230384 0.05092051285158128 0.06460787427505377
0 0.4172564145619175 0.41558483673189717 0.0586693458553869 0.06363737012586893
0 0.47016123866847453 0.37597880768760306 0.05041117688202608 0.05210787427505377