0 0.03746363733290911 0.06028293506519185 0.07492727466581822 0.11068412986961632
0 0.16250854332431858 0.06355616517968947 0.07783519334818112 0.11071140340856664
0 0.1840011879774101 0.16316069886490955 0.06190111067790856 0.08387616801906325
0 0.09714607797581928 0.1763931302766534 0.05844884667409058 0.05569662094116259
0 0.0889592186107753 0.4100823376629796 0.055396572008272346 0.06189207386326192
0 0.005248931970092284 0.4701761323052483 0.010497863940184569 0.05964773538950343
0 0.02500635395450209 0.7127494159904684 0.05001270790900418 0.08689207386326192
0 0.013600410944479826 0.8871318072241705 0.027200821888959652 0.13960797077900686
0 0.14874910522759577 0.7761516225660158 0.11426358935390812 0.15352619480442442
0 0.1232973086012303 0.4797811830365969 0.06960452267663593 0.07463753571381489
0 0.1690087032543218 0.5789629768680868 0.08564769334818116 0.11084777110331849
0 0.21766492659932127 0.49219363393010135 0.055542022676635924 0.07439207386326192
0 0.2986796639481387 0.3767401834436341 0.03971702800763603 0.05693183847375849
0 0.2973722499602291 0.28771859375205955 0.06542610001590835 0.11830571509696401
0 0.39944382729950156 0.24219581372028745 0.05541475334181776 0.06345457386326192
0 0.2605182346435465 0.16573054545634286 0.044404528007635946 0.057013659090609535
0 0.29059608597231945 0.19879246144681123 0.0473840773392725 0.044568206168510205
0 0.2480331319223672 0.5674294131510946 0.07138519867918128 0.09341480925276535
0 0.2341411652212324 0.821526577923747 0.06019316000954493 0.07134889448011279
0 0.2350764092139146 0.8754055543847965 0.047347714672181594 0.04144320616851047
0 0.2640501252785025 0.39921520130054156 0.02543635200509069 0.03793637662320535
0 0.28138252860441193 0.4535890556026126 0.061701116008908666 0.06668866801906326
0 0.29392743459582144 0.5166384805215347 0.04115225867281787 0.046021612012708955
0 0.29555247457832223 0.645490183443634 0.06611699069063519 0.17768071509696384
0 0.3386132259309577 0.50257993466145 0.049910188017181056 0.1274079797074606
0 0.414876281269912 0.45985091802235856 0.047547709341181486 0.05863070616851011
0 0.36862853727722983 0.40676287419086876 0.07102157200827239 0.06216480925276535
0 0.3507148786203203 0.33521515665827284 0.06329997867599957 0.06984094155801354
0 0.35081542329727433 0.259447543427748 0.04445907200827239 0.06170115909060954
0 0.403785334619684 0.3389753563339613 0.05245338534372692 0.07746252678536117
0 0.5419569492759572 0.413110511367381 0.04107953333863605 0.03977161201270896
0 0.528257528604412 0.44927983644845887 0.0348840773392725 0.04435001785690744
0 0.4805921879376392 0.4508929293864442 0.025527258672817865 0.04574887662320535
0 0.48760580394654796 0.38515883523064287 0.03989884134309048 0.07255683847375849
0 0.44364671861077537 0.40389124432125245 0.03968066534054522 0.053806838473758486
0 0.44198476861872943 0.34533840462967796 0.04903748400699968 0.052407979707460584
0 0.5056660079567292 0.3098588263021892 0.039535214672181594 0.04130683847375849