0 0.87890625 0.8927754667832989 0.1484375 0.09249792116548719
0 0.88671875 0.7874959709324839 0.109375 0.09578794191141178
0 0.475 0.8257254022704407 0.078125 0.10591995850815117
0 0.7890625 0.7659896690676729 0.090625 0.0787421518694554
0 0.18125 0.7972031962610892 0.175 0.1601357070582587
0 0.075 0.9271293398321749 0.15 0.12074132033565022
0 0.24296875 0.9229951790396498 0.109375 0.11141294191141142
0 0.375 0.7778341991608743 0.1046875 0.1360577444009227
0 0.46171875 0.7267317952168264 0.06875 0.08802206348717298
0 0.5859375 0.6501315611888661 0.0546875 0.06508147095570571
0 0.56328125 0.6807545991562298 0.0359375 0.054285680913749704
0 0.54375 0.8517658387832675 0.0484375 0.08492037427505394
0 0.484375 0.9312650072494627 0.06875 0.06927206348717334
0 0.2984375 0.5133232584988624 0.371875 0.40786650249879963
0 0.51875 0.647410225505876 0.05 0.04910127344521662
0 0.50234375 0.6783409167925878 0.0421875 0.06100927759440165
0 0.7421875 0.7179791441725636 0.0609375 0.07180506763635783
0 0.79453125 0.6835440219721024 0.0578125 0.07469326929603178
0 0.66796875 0.6853218547553073 0.0578125 0.08094326929603177
0 0.7015625 0.6452762725968022 0.0578125 0.05438076929603195
0 0.65 0.6515271952121819 0.0578125 0.06844326929603177
0 0.725 0.5419377850443569 0.0609375 0.06555506763635784
0 0.45390625 0.6491987910676416 0.046875 0.058239475104890734
0 0.51796875 0.5271569250909576 0.0609375 0.06555506763635784
0 0.5625 0.5636262987413113 0.0671875 0.06602866431700996