0 0.04463814206106388 0.6754051489443398 0.08927628412212776 0.08458528003177221
0 0.028265048285452905 0.7697182106327369 0.05653009657090581 0.07466480925276535
0 0.25932114868060163 0.845052995939515 0.07991013192686944 0.07321140340856651
0 0.2882744404512153 0.9620592637964226 0.07420378742738745 0.05125458279171582
0 0.5483022578623921 0.9804995722384089 0.10850601282028158 0.03900085552318231
0 0.660772332717167 0.8880270689887027 0.1947774607105858 0.15952282467404083
0 0.3437154193587661 0.8293246302733582 0.09953342721213972 0.0922886858759707
0 0.4633751019475893 0.811866169233584 0.14132282092583334 0.11799779788867966
0 0.3903421703922234 0.7347485158250173 0.09255568114108108 0.07655459172016936
0 0.29885249131805686 0.6174325564100962 0.06966183664159917 0.054297762174864594
0 0.20537647312109178 0.5931262573036007 0.14364730024766903 0.10086484496658024
0 0.19293859326113694 0.4740626116056717 0.08303513192686944 0.07326595048646745
0 0.0652052373891154 0.5977165255675452 0.07151543507002259 0.06057503571381488
0 0.10926560649570324 0.5750290478886796 0.0590882096771284 0.06191934740221221
0 0.4791328426419644 0.7253519707757116 0.11850175103345731 0.09730346834337489
0 0.7370309257689069 0.8119515385498935 0.09277400496239885 0.08124209172016919
0 0.7934435916085071 0.8262282727215808 0.05589043507002263 0.06030230032431163
0 0.3093511896226458 0.660619494721699 0.04705909057054054 0.03829093262955983
0 0.37121548883685745 0.6585717995102374 0.08808650496239875 0.08116027110331832
0 0.4422000769261986 0.6621564955324779 0.061849336641598994 0.054161394480112965
0 0.5765729228734228 0.6981230434211574 0.20665672249741007 0.11289328652459396
0 0.44296636435358605 0.6121292219935275 0.14760705417661057 0.08532166558343128
0 0.42382256617283165 0.5195326189092724 0.07485875889134022 0.06531708279171564
0 0.3534351375129499 0.5534888331954575 0.08696065260503386 0.09050799756436803
0 0.2730027748165028 0.5513029959395149 0.0913570541766104 0.08433981818121908
0 0.19422495740532605 0.5303807954530476 0.07932793507002259 0.06071140340856669
0 0.29504474876165493 0.4977376651763942 0.09397263192686936 0.07345686525911965
0 0.4195803300265705 0.37559170413662 0.05410961124870504 0.05558752678536116
0 0.45364496091998274 0.3996428587630027 0.05843323821317572 0.04785684740221221
0 0.4379985361890423 0.4501922836819248 0.05643409057054072 0.03845457386326192
0 0.3727566799027361 0.42403315827653537 0.08863016046291668 0.05931254464226861
0 0.37742275517179574 0.47493713920181185 0.06966183664159917 0.054297762174864594
0 0.3155777266357484 0.4597836976437983 0.06860875889134022 0.0652079886359143
0 0.29953965777682956 0.384442778406919 0.05716183664159917 0.05407957386326192