0 0.109375 0.94921875 0.1359375 0.1015625
0 0.10546875 0.83515625 0.1 0.078125
0 0.49140625 0.85546875 0.0703125 0.090625
0 0.1984375 0.81171875 0.08125 0.0640625
0 0.76796875 0.8171875 0.159375 0.13125
0 0.8734375 0.94375 0.15625 0.1125
0 0.70703125 0.9453125 0.1 0.109375
0 0.58671875 0.80625 0.09375 0.1171875
0 0.50703125 0.76171875 0.0609375 0.0765625
0 0.3921875 0.6953125 0.05 0.05625
0 0.41328125 0.72265625 0.03125 0.046875
0 0.42578125 0.8828125 0.0421875 0.075
0 0.4796875 0.96328125 0.0625 0.0734375
0 0.6671875 0.55625 0.3359375 0.34375
0 0.45625 0.68984375 0.0453125 0.040625
0 0.4703125 0.71875 0.0390625 0.053125
0 0.24375 0.76484375 0.05625 0.0625
0 0.1953125 0.734375 0.0515625 0.0640625
0 0.31484375 0.73125 0.0515625 0.0703125
0 0.284375 0.6953125 0.053125 0.0453125
0 0.3328125 0.6984375 0.053125 0.0578125
0 0.265625 0.59921875 0.0546875 0.0546875
0 0.5171875 0.6890625 0.0421875 0.05
0 0.4609375 0.57734375 0.05625 0.05625
0 0.4171875 0.61328125 0.0625 0.0546875