0 0.8228211044859716 0.9255455435780522 0.13466855357097246 0.14890891284389554
0 0.6644994582094437 0.9128486165011376 0.18154485999173636 0.17430276699772485
0 0.8194649408263537 0.6701972072819732 0.10701502583555574 0.10793274440092268
0 0.7238601936761453 0.7427807570721918 0.13728440729444458 0.13518232863402008
0 0.5728386350711798 0.9415176068531217 0.11199346656499998 0.11696478629375662
0 0.7206098667381593 0.6470538599766213 0.0722399823325695 0.08814046265733602
0 0.9391858673068402 0.2676068487784665 0.11573671561506985 0.14758724025173767
0 0.9624571003049998 0.41102588467123785 0.06177526101791671 0.1076241684661948
0 0.9005746961446872 0.4133803674497984 0.05167290919430556 0.0756637734452168
0 0.8877850618360068 0.35762727491833124 0.0725309230620141 0.10064046265733602
0 0.8167283326375692 0.3170246630908321 0.08030705547083343 0.09966995850815116
0 0.7767007850505205 0.42277683300691954 0.1904107137152085 0.2062770012493999
0 0.7216658333031594 0.5344354608064583 0.051236498100139014 0.05691377344521662
0 0.683419644473576 0.5972780803076272 0.04018989532659738 0.05139747925407558
0 0.6362530505337495 0.639879054787818 0.06551720364722229 0.0673543659766839
0 0.5865959298084369 0.7558583296829273 0.11671864057694456 0.18977474025173785
0 0.5986627847661801 0.6072907751188239 0.08910148043270852 0.14244945435896633
0 0.41401241499079805 0.7299969985501076 0.48562064304548647 0.540006002899785
0 0.683041704028472 0.41176663279713815 0.16570296086541686 0.2839517153566284
0 0.6560083849742705 0.32910749814912216 0.05508884992375016 0.08840057178554286
0 0.6235770914712845 0.34386781516078013 0.05338087955902786 0.08203217261537983
0 0.6000123049021525 0.3475605776083348 0.042079703647222286 0.06557837842423861
0 0.5327338859242011 0.34637566329132474 0.06856946846486114 0.06446616431701005
0 0.5705033768061455 0.505763241300645 0.09026393692972227 0.12538035352912935
0 0.5735023966577775 0.44416289047080787 0.1446254350298613 0.18253092531467202
0 0.48736487490628433 0.44624468611184165 0.09266289152687505 0.16143625269929238