0 0.6097390615934247 0.5912016163513731 0.256696933741944 0.21409123473485217
0 0.4759792162588415 0.6052751616925318 0.08326085080120364 0.08057497060135788
0 0.7758138294538879 0.5338384164422303 0.11091695909527761 0.09446705223856355
0 0.7301698473143509 0.48757092605316865 0.07265554147037019 0.06602114767057934
0 0.6601711226676844 0.3782235815256641 0.0806047425071295 0.06799308344622812
0 0.52036632888824 0.3949684254873418 0.07693293836009243 0.06157930913596861
0 0.49391184415680484 0.3437710956591583 0.04744092799249984 0.044480340343633
0 0.43409734674870304 0.35083000113165375 0.04757762902925933 0.04604284034363308
0 0.1625031851560637 0.5746138184082227 0.07578054147037028 0.06618492198083885
0 0.3164593703586102 0.4684413042747286 0.40741868661666614 0.3013123530067892
0 0.30207565867143443 0.37580010289524757 0.12626855702175915 0.09216092378986121
0 0.3355394354388876 0.6416740863869042 0.23320064514629593 0.22996854025277608
0 0.8524337009902766 0.638129768771651 0.24161873788898092 0.21952236318355461
0 0.911198506032268 0.5798868215760414 0.17760298793546384 0.32396420171816515
0 0.20268727068870235 0.7020051560383223 0.08652255183796279 0.08230124491161739
0 0.1136460201230545 0.5544141830621153 0.10195206220555537 0.09866322930778519
0 0.5399747827997212 0.47556332824630376 0.08863185598499985 0.08863313206674697
0 0.36024018171569383 0.3319405602676223 0.05851512902925915 0.04661605042954129
0 0.07974876522208213 0.624471055517924 0.058338763242314615 0.09793288896415202
0 0.17881912667370217 0.7880178991409175 0.08619036116879615 0.09628185775648745
0 0.4834860857689797 0.8615218396662645 0.1335725005656478 0.15786781094499105
0 0.47593884297902633 0.7214324282008752 0.21646291300675902 0.180875943011738
0 0.6170369858627308 0.32476106682634304 0.13911987153638866 0.1146091338757694
0 0.696705362017268 0.2844835476044662 0.09249914976444415 0.07950379353213641
0 0.5581411480210179 0.27055492367831946 0.044179226955740704 0.042754066033373575
0 0.8789306845904157 0.3848100169626286 0.051522835249814845 0.05558161465389251
0 0.766128596748703 0.3334289806665815 0.040038531102777594 0.048758404567984304
0 0.7161873853443511 0.3187799824756038 0.0753704383600926 0.06149742198083885