0 0.35141887324492627 0.5508005996960661 0.20571926881613756 0.22912051332783517
0 0.36316335608141853 0.4330137061225569 0.07522263192686936 0.0739663489046432
0 0.3708494617485522 0.7046984895086517 0.0903767510334573 0.09781302586424748
0 0.41843509119422234 0.6740084306540208 0.06384848428423436 0.06427310015828454
0 0.5243062555860805 0.6348442937444292 0.06570208271265762 0.07056856426490725
0 0.5347429495474432 0.5115431860642972 0.05930653349844608 0.06726170783841638
0 0.5838354210113958 0.4988900733696003 0.040954639784752264 0.041761602665567034
0 0.588689894956548 0.4450520195295343 0.042517139784752266 0.04180706677218957
0 0.4443942012000731 0.16704537681395487 0.0608690334984459 0.06730717194503918
0 0.5092464516143578 0.3199179757185982 0.29293678659881783 0.3596096468722146
0 0.5903145150965932 0.3261883592629776 0.09103172249741007 0.11187552586424747
0 0.3566672611676517 0.30374374326957543 0.21414819892376152 0.2090807979675712
0 0.2678121989282707 0.7502035546314888 0.2081892973521849 0.2151489415410804
0 0.2934949414846726 0.8647803912640825 0.3127355562435251 0.270439217471835
0 0.3281142297361203 0.17774353292387643 0.07693068114108118 0.077136813011266
0 0.47117717907416656 0.12949155251991776 0.09484592721213972 0.09326191818411553
0 0.46194115033323147 0.5125541051063426 0.08481595574818694 0.0789266335443795
0 0.6173093546336764 0.3848646772888085 0.044516287427387266 0.05122753087881238
0 0.419291501447742 0.06774405878812391 0.09797092721213971 0.09335284639736088
0 0.2594391583960021 0.14054139812585578 0.08943068114108117 0.07750052586424747
0 0.14225369665195906 0.3890350709288248 0.1476455955329393 0.12132473370266394
0 0.26254692597379464 0.40974603919208263 0.17279545285270287 0.19227373119538155
0 0.5771786985139858 0.6082196092629776 0.10880141935425698 0.12487563103709683
0 0.5978678800693518 0.6847055529156292 0.07558650496239867 0.08177884890464338
0 0.633831112905844 0.5676233529947714 0.03924659057054054 0.03859113855894449
0 0.48038066542982466 0.8221026013454187 0.05047518899896399 0.04515938730530315
0 0.5439038180348585 0.7347677373970807 0.04386131596343468 0.03716503087881229
0 0.5653272078196109 0.6947110387298642 0.05767125889134021 0.06565374373179385