0 0.5640625 0.609375 0.1921875 0.1546875
0 0.4484375 0.6296875 0.059375 0.059375
0 0.70703125 0.54921875 0.08125 0.06875
0 0.665625 0.51171875 0.053125 0.05
0 0.6015625 0.4203125 0.059375 0.05
0 0.48046875 0.44296875 0.0578125 0.04375
0 0.45625 0.4 0.034375 0.0328125
0 0.40390625 0.41015625 0.034375 0.034375
0 0.17421875 0.62265625 0.05625 0.046875
0 0.3046875 0.51953125 0.3109375 0.209375
0 0.28984375 0.43984375 0.096875 0.0640625
0 0.3265625 0.6703125 0.1671875 0.171875
0 0.7765625 0.6359375 0.178125 0.1609375
0 0.8875 0.57890625 0.225 0.2546875
0 0.21328125 0.73125 0.0625 0.0609375
0 0.13125 0.60703125 0.0734375 0.0734375
0 0.5 0.51328125 0.0625 0.0671875
0 0.3390625 0.3984375 0.04375 0.0328125
0 0.08515625 0.6734375 0.075 0.0765625
0 0.1953125 0.8078125 0.059375 0.0734375
0 0.4625 0.853125 0.090625 0.1234375
0 0.4515625 0.73203125 0.1609375 0.1296875
0 0.5625 0.3765625 0.1046875 0.08125
0 0.63046875 0.3359375 0.06875 0.0578125
0 0.509375 0.3328125 0.03125 0.03125
0 0.7921875 0.4125 0.0359375 0.0421875
0 0.6921875 0.375 0.028125 0.0375
0 0.6484375 0.36484375 0.05625 0.04375