0 0.5657406978774435 0.7798655888840909 0.672147219306018 0.43001397158649046
0 0.9357339343023247 0.3278125706234416 0.1002955983942421 0.24991027110331832
0 0.5681435209763744 0.2187332199715232 0.30031418722776027 0.32675696347211086
0 0.37794002313584274 0.264193544645564 0.2991102375046154 0.42974559577735916
0 0.27970637492617084 0.4453947260573079 0.17547726866002264 0.18098872158978557
0 0.21859079735141976 0.5588356631510946 0.12235226866002265 0.18006142126547414
0 0.1275970677833145 0.4480675328744412 0.255194135566629 0.3119580779204517
0 0.23998824259874438 0.21275554992056972 0.12473439389073526 0.26594437418757344
0 0.18647082125322964 0.12238569440068267 0.12309274830195704 0.2159716477265238
0 0.2130612045035068 0.014124955357731301 0.08637759099298643 0.028249910715462602
0 0.09077069016242084 0.2762294890429514 0.16928543028792983 0.2792080332781829