0 0.04129157874981053 0.6416875133275003 0.08258315749962106 0.13224997334499947
0 0.41612184446429623 0.7154217212762755 0.21717036104353493 0.2681340240292712
0 0.6048621575978169 0.6343246205840493 0.1941782886384363 0.34442380402608974
0 0.7288081968254284 0.6797542045671865 0.09626698770335977 0.165171561346272
0 0.8168177778147342 0.4568701405554142 0.11698855386194254 0.235720418682363
0 0.693294440284325 0.33878430657227704 0.0723386083130606 0.08052384134309047
0 0.6784365338648584 0.47566668857418615 0.08370335518980258 0.15408861067790855
0 0.7963678806668456 0.7492758165579596 0.07727154800821019 0.12276588534372675
0 0.8792127178044714 0.6084775465468237 0.09949198165323558 0.1823954240133631
0 0.7893361097859984 0.8837235418921413 0.04397725897699036 0.03957157733927232
0 0.36289893403780893 0.19950001332750028 0.5585771319243822 0.39900002665500056