0 0.3596056087597074 0.9471384582004003 0.11882391233702042 0.09579551542127547
0 0.28100768140844856 0.563236790992116 0.24546032467404083 0.19172739853730275
0 0.3590121302733581 0.3758810669666983 0.3261103068171334 0.1587706225627204
0 0.3130938839268061 0.2524259760573079 0.15605117694751697 0.08082508035608367
0 0.5327557731319132 0.16653552029583477 0.22652731818121907 0.09142738960884897
0 0.6513711797868907 0.29106614164403444 0.07299321509696384 0.06531708279171564
0 0.5156245945595431 0.304376439532714 0.1448954886359143 0.06813416558343129
0 0.2439387349824663 0.18564362500164763 0.11361821509696393 0.06602619480442451
0 0.38241880803494926 0.10507764326559221 0.1732114034085667 0.07956258928453738
0 0.11120805559931732 0.19264937581242653 0.03505683847375849 0.03966251785690753
0 0.8118938482129912 0.6179171935931991 0.3762123035740178 0.5144945170428334