0 0.3293390062005554 0.9590451617028979 0.13210395020978147 0.08190967659420423
0 0.24839146243362148 0.5985119441870355 0.26875369046151915 0.21508931977759857
0 0.3220927620233474 0.411522864875608 0.3386159045687478 0.19103675008481796
0 0.27544475020049264 0.2931796034428626 0.1631171518694554 0.09608137023308556
0 0.49023114584617067 0.198065544001701 0.23305114357108572 0.11410717313564325
0 0.6076060547645961 0.3133954220393349 0.08020956348717298 0.07136905771188111
0 0.47446166804198764 0.333812071043543 0.15123245850815117 0.08319942431676956
0 0.20650641866668756 0.23124010943331239 0.11950886182749913 0.07585815027015244
0 0.3422206209510614 0.14589786487560802 0.1787421518694554 0.09662700725639413
0 0.0762385782098128 0.24470735399101678 0.040578378424238615 0.04193452885594055
0 0.7604178657529694 0.6226588385515562 0.4291998186852652 0.5432738618803832