0 0.6469400524080144 0.7413446690663987 0.5961407644379394 0.45940488790112344
0 0.9232273799794746 0.22918041148035506 0.141979463502863 0.2442916181871082
0 0.5250307744950844 0.2202983296771616 0.2548339875069681 0.3144124127367947
0 0.3574432986955812 0.3026957257440569 0.24446918012898405 0.411957092433353
0 0.30717461222188536 0.48718216710954476 0.15094539734428025 0.17474439273291545
0 0.2729263563681529 0.6024244008986872 0.09940107806243947 0.17366038273097573
0 0.1640604164766115 0.5238526039331047 0.2172703549934108 0.3004138145535659
0 0.21853533479993473 0.28748479817353056 0.09360559601642038 0.25127519970043755
0 0.1494449672152962 0.21737933438826734 0.09959197560311148 0.20647288273097572
0 0.1471380995324618 0.0770094259035364 0.08027837334017515 0.1080673336393613
0 0.09307172648687423 0.37737595878429336 0.13431240924813692 0.2686538893989354