0 0.7936210583448533 0.67476507231548 0.4127578833102934 0.6170992011079921
0 0.2431920825611064 0.8727231314993155 0.28069447241000384 0.21576871865896904
0 0.32033735888515824 0.4168930171552658 0.3559524219545168 0.3147350675636126
0 0.4422793023544035 0.2585001924655173 0.46214785825218596 0.3162641268139549
0 0.6495015253125616 0.25794494833801207 0.19840776206571747 0.1837170851145898
0 0.7792708708660577 0.2565151774883295 0.19493553248413759 0.1289841210079671
0 0.718001010251619 0.12445429031437513 0.340307574586922 0.24890858062875026
0 0.45479168212131793 0.1017273552393565 0.27936509618646854 0.13300168276559185
0 0.3920163744094368 0.03579744451058138 0.22778274881887367 0.07159488902116276
0 0.24008928666048884 0.004371599762573154 0.11455357332097771 0.008743199525146308
0 0.5703869110699257 0.04066914944600403 0.2876488221398514 0.08133829889200805