0 0.693511120106586 0.786274364166793 0.6049998667249973 0.4274512716664141
0 0.9315414486791813 0.3108820588319124 0.13691710264163745 0.242996541958086
0 0.5509379807049528 0.285217420857406 0.27703740404199806 0.3109658128389331
0 0.3900737533815887 0.3577140686926656 0.2781282840547247 0.4047158128389331
0 0.34996801607254213 0.5363748789975158 0.16295562802354446 0.17437380698520072
0 0.3231338907542687 0.6471487525340829 0.11448176535645346 0.17096700585373234
0 0.21202312074313284 0.5644766322189698 0.23937377204008908 0.29668514422102243
0 0.2523283053787252 0.3358203670936592 0.1153362880330894 0.24440450585373252
0 0.18117946403563473 0.26353630093507646 0.11484539202736235 0.20221700585373253
0 0.17175791601686285 0.12520959913967833 0.08873633068109021 0.10675906010845862
0 0.13453282538986105 0.41716074980360834 0.15772378270208928 0.2618374455488823