0 0.41015625 0.6459656960255357 0.0859375 0.12181254464226861
0 0.49296875 0.7531139484611677 0.115625 0.16295574188232517
0 0.578125 0.7875650405883742 0.0625 0.08702844155801355
0 0.51015625 0.668438939532714 0.09375 0.13444891233702042
0 0.58046875 0.6500241302799488 0.096875 0.12044095941492117
0 0.4640625 0.658306008931749 0.0734375 0.10753185633066593
0 0.46875 0.42775543831489804 0.1546875 0.21051258035608367
0 0.5703125 0.4712951582831259 0.1484375 0.21977848620028234
0 0.65859375 0.2882697930207109 0.5984375 0.5765395860414217
0 0.91484375 0.519187592944576 0.140625 0.1477671185055307
0 0.4609375 0.5692980560096497 0.0828125 0.09363299756436802
0 0.52734375 0.6025139306042602 0.0875 0.13121481818121908