0 0.43658828019161167 0.6727857464562558 0.10062852103089917 0.13725777297895939
0 0.5220577114447046 0.7802094178017704 0.13729636137453233 0.18321062307124442
0 0.6124027504542852 0.8094580243724605 0.07358134215265544 0.0965932001845701
0 0.5417328035973601 0.6870706870801019 0.11222111827193722 0.1504586798265045
0 0.6185785866140467 0.6619019039221098 0.11304663387576941 0.13649630937615384
0 0.4937866265281386 0.6807997031192308 0.08879026232447203 0.11936936613141391
0 0.5028185470386394 0.43417502699335414 0.18522925033868418 0.2361143800110746
0 0.6106410131174413 0.47164714374307704 0.17963434757972224 0.24821386181247734
0 0.6781538189740497 0.30003387106865953 0.6436923620519007 0.6000677421373191
0 0.9369678177308544 0.49978862354189496 0.07496677973732631 0.15274307063492074
0 0.49175049299105333 0.5859377860926528 0.09438516508343398 0.10726988433001132
0 0.5618649191557636 0.614925576808784 0.1026823439616777 0.14673290252860854