0 0.04635674417918625 0.7251593677280662 0.04720736061443873 0.14719373545613249
0 0.21886168283910812 0.5787620840984034 0.12938494355406327 0.18038861485312835
0 0.4132143396478646 0.4333691910756238 0.07993058057737183 0.1919321506088231
0 0.4793949003549705 0.476943590017457 0.10845737386128267 0.25035042848861017
0 0.3481647808396751 0.7568069489515314 0.11532742195451692 0.3132330657615139
0 0.4122049442718535 0.6498551894086338 0.06691965988879929 0.1316643303053814
0 0.4254291744864056 0.8277728953179893 0.08225697241000382 0.2139346963664579
0 0.5365402561600858 0.6187163728982139 0.0755158990890262 0.19936201333591957
0 0.5892808541606528 0.79051149562725 0.0446974303072194 0.07531873545613248
0 0.6233383625133553 0.5611427310833824 0.046116086567821665 0.11594373545613249
0 0.5227182813030112 0.24521510001939667 0.0690823606144388 0.14897937606301595
0 0.3819146881117677 0.07246364198400936 0.09195437622353539 0.09008260818516851
0 0.6794816911918107 0.38421331138876386 0.029727194735189498 0.09279327787978708
0 0.5730878474524128 0.4160376541119809 0.07375499164729753 0.23816942182065048