0 0.015251453580656141 0.7890334191860463 0.030502907161312282 0.15037953423772626
0 0.1447434847360634 0.5944847779162048 0.15546515730897062 0.1920244185677376
0 0.31643441934292993 0.39208406385197403 0.11055317550756785 0.19537066162790725
0 0.3843635965485408 0.41262829889257924 0.14863296884459273 0.2553860117201923
0 0.2836884639165725 0.720960035474344 0.16503802128091624 0.3171245481173868
0 0.3359296892395702 0.5977938433093383 0.08966088217054295 0.13645673658176474
0 0.3642783274270928 0.7624781045681053 0.11820498920265834 0.2176461798265045
0 0.4523347416758937 0.5296470157345872 0.10949132325581452 0.2030830320782579
0 0.5176722401347342 0.6756220473514197 0.056468847932816854 0.07986677513842758
0 0.5285350987080091 0.44540362122554306 0.06522208667404979 0.1193297933370248
0 0.40308901989664025 0.18112797501845593 0.09222467766703613 0.152181866131414
0 0.25242529071613123 0.05594151449796947 0.11149630937615385 0.11188302899593894
0 0.5668628207918044 0.2601076688815046 0.04663277297895938 0.09635336829088237
0 0.46774539790513014 0.32559057141011316 0.1134569324473981 0.24068316162790726