0 0.72421875 0.95703125 0.2015625 0.0859375
0 0.5734375 0.77109375 0.1765625 0.1171875
0 0.728125 0.69609375 0.2765625 0.0953125
0 0.77265625 0.6109375 0.1890625 0.0671875
0 0.6390625 0.62265625 0.11875 0.059375
0 0.51015625 0.5625 0.2359375 0.078125
0 0.4390625 0.5890625 0.159375 0.046875
0 0.61796875 0.515625 0.2375 0.0859375
0 0.74609375 0.48125 0.1078125 0.0578125
0 0.89453125 0.55703125 0.165625 0.1046875
0 0.93046875 0.49375 0.1390625 0.09375
0 0.67421875 0.39609375 0.1 0.0234375
0 0.72578125 0.4109375 0.0796875 0.0359375
0 0.55234375 0.43828125 0.1203125 0.053125
0 0.4265625 0.4765625 0.221875 0.04375
0 0.265625 0.50546875 0.1609375 0.071875
0 0.12890625 0.6390625 0.2015625 0.0734375
0 0.06953125 0.509375 0.0515625 0.05
0 0.05 0.4953125 0.1 0.115625
0 0.0984375 0.40390625 0.1375 0.0359375
0 0.11875 0.34140625 0.115625 0.04375
0 0.27578125 0.3125 0.1046875 0.046875
0 0.39765625 0.36484375 0.1609375 0.1
0 0.47421875 0.2953125 0.128125 0.0640625
0 0.5953125 0.34375 0.0890625 0.0203125
0 0.6828125 0.2859375 0.0953125 0.0171875
0 0.55546875 0.2828125 0.125 0.0234375