0 0.8530978240163417 0.3644646582732401 0.144658594568919 0.1789080243497292
0 0.6573317557557821 0.5299691071381496 0.09842063140062188 0.18902731818121907
0 0.5945356241433986 0.4936810052717105 0.1313843208208084 0.24579551542127548
0 0.7340733501835267 0.20597822807931215 0.14421752076433875 0.30533415665497754
0 0.6665379687123176 0.3181958100602489 0.08080892619541977 0.12784435633066593
0 0.6601878001270569 0.14525318790127034 0.1042911998023559 0.20942163879807008
0 0.5435408134929981 0.36218949756107277 0.09565965244730919 0.19522277110331832
0 0.4990536080760345 0.19952981046728602 0.05124325256024882 0.0758182061685102
0 0.4575508346102726 0.42872638676617986 0.05664338410204497 0.11493525324641088
0 0.544348095415965 0.7242900771063775 0.08337248407380997 0.1450591298696164
0 0.6719817298003588 0.9095162853034825 0.11048101564384112 0.1548977800317722
0 0.39474147951801 0.6075002232113434 0.03974431043863902 0.09278751785690745
0 0.5012868821064936 0.5640014135515411 0.09628127872743378 0.23269549756436803