0 0.49637478504791305 0.8772825791425941 0.184388952503779 0.13540221057599666
0 0.3718507401119408 0.6687029855620605 0.19121580517696718 0.0917067527304745
0 0.41979468742463516 0.6098501603282914 0.24919490514873227 0.12172150565734086
0 0.6757731296874192 0.7739297992847564 0.30755343671876345 0.13143284894328655
0 0.5786698875093398 0.6979581726249315 0.13240224729857691 0.07418290944452863
0 0.7491721033084727 0.7071190283057135 0.21327281570031092 0.09495901775758923
0 0.5594333110739236 0.5723314587292851 0.1971927893919517 0.08705561416679294
0 0.7274321531531809 0.5440195854873058 0.07625866311182747 0.048864746876741985
0 0.5116321188817268 0.48123428093799203 0.11559417889684287 0.05377950585373235
0 0.20293268209237617 0.5384801961380573 0.14811825256024874 0.07583631303532493
0 0.03721448975900497 0.6489005874322133 0.07442897951800995 0.0990738251355733
0 0.34665113196531927 0.4040955848981306 0.09271812101845249 0.03646474082661779
0 0.36932352154079756 0.5109586632551577 0.2362552893919517 0.0872828731437835