0 0.76171875 0.94140625 0.1296875 0.0859375
0 0.6078125 0.77890625 0.153125 0.1140625
0 0.45078125 0.61796875 0.1640625 0.071875
0 0.4796875 0.55859375 0.2140625 0.096875
0 0.74296875 0.659375 0.2671875 0.103125
0 0.63984375 0.60859375 0.1125 0.0609375
0 0.79296875 0.5890625 0.1828125 0.075
0 0.5953125 0.50234375 0.1703125 0.0703125
0 0.7375 0.44921875 0.065625 0.0390625
0 0.53125 0.43125 0.1 0.0421875
0 0.27265625 0.5328125 0.1265625 0.0625
0 0.11328125 0.66328125 0.134375 0.0859375
0 0.36953125 0.390625 0.08125 0.028125
0 0.41328125 0.48125 0.2046875 0.0671875