0 0.3128826885344152 0.9767281137914583 0.21778748400699968 0.046543772417083316
0 0.4415542232256868 0.8034608000555906 0.20172722668681722 0.15309255167111147
0 0.2718417072326864 0.7479342326169099 0.30167268268618097 0.15073257750666685
0 0.21340304591027687 0.6660835141520488 0.20585110534690845 0.10476415444465292
0 0.3517933839115495 0.6599270459715282 0.1321954293443631 0.08430487765916687
0 0.4754132445894581 0.5799694018792018 0.2560692813494537 0.12467791736243079
0 0.5525842719207764 0.5966133476426394 0.17272952267663583 0.0774379350298613
0 0.35779903059359425 0.5467548987450698 0.259285188017181 0.13256315254479176
0 0.22047175326227597 0.5287108007211808 0.12120338534372674 0.07936280452090294
0 0.08777025696213811 0.6264189892664238 0.17554051392427622 0.13688567021222225
0 0.05642962396563794 0.5638819684648612 0.11285924793127589 0.11526393692972228
0 0.28177342727563903 0.4316734529816322 0.1067227146721816 0.043097996200277856
0 0.23150070727245736 0.4539471900638544 0.08808180267345422 0.05203658510611113
0 0.41354104793923 0.4574027644363893 0.13368520401018139 0.07809124525034719
0 0.548470031269912 0.4800798110735074 0.2368829293443632 0.08674150626826407
0 0.7187461686028211 0.4871688785121881 0.17772610534690864 0.10410953780340293
0 0.8791285905872309 0.6057766741993758 0.2200045120146356 0.112903962765278
0 0.9206359326066391 0.46373529777447986 0.06162839067472703 0.060793336056041626
0 0.9364791086091845 0.44534897368628557 0.11875109468490805 0.13710256933854179
0 0.8749609006206385 0.35951927003906325 0.14912839067472702 0.06282992116215294
0 0.8444199726289108 0.2978544182154521 0.1273079346753633 0.06700827488562507
0 0.6788404259627744 0.2900932035503131 0.11638861600890867 0.06831620174736122
0 0.5607984032861385 0.36080313421177135 0.1827408693507266 0.13234364057694456
0 0.47163645329409276 0.3001182477188893 0.14318747334499946 0.08924695079743064
0 0.35443022461809315 0.36615886217593785 0.09416817067154523 0.038119555470833434
0 0.256519983290911 0.3185552039315627 0.10196248933799978 0.03673889342673622
0 0.3864802032940927 0.2981362139995489 0.13177725867281787 0.04836737765916679