0 0.7392631749618751 0.022105429249778714 0.20650587955902786 0.04421085849955743
0 0.5872136317432293 0.18875679002723622 0.18252417211208344 0.13234060509226264
0 0.7445007613022572 0.2578267664908872 0.2836138934267364 0.11794344710093281
0 0.7902691626127781 0.34199736916407547 0.19386040919430556 0.08306864718563745
0 0.654785604292153 0.33580682429869035 0.12329333605604162 0.0680359104104042
0 0.524899388961424 0.4020450162791257 0.24255248233256949 0.09682731029746475
0 0.45236977232017395 0.3781062583160308 0.16522626291777787 0.059555552475544185
0 0.6338756518792017 0.44576565322376815 0.24433318787965277 0.10629331555913665
0 0.7644177902719449 0.4749309665050047 0.11235583605604163 0.06739887357870131
0 0.9134715796908685 0.39193020875367124 0.172858231382639 0.11929457352223158
0 0.9389579696991321 0.4549993561510702 0.1220840606017358 0.10461044724210708
0 0.6921810739912851 0.5644099664344175 0.10214438145888885 0.030915342008670167
0 0.7441793318750699 0.5465175401684106 0.08215918977951393 0.043794773606936135
0 0.5684701638470491 0.5262413794756576 0.1247103656913195 0.061876915672076115
0 0.4409439226807644 0.4922065556710774 0.22612739532659737 0.06154225768074628
0 0.27693532085715317 0.4704666055157857 0.16580814437666672 0.08455555247554418
0 0.13779747283326418 0.34088406328123655 0.20650587955902786 0.09004668927901224
0 0.0783159829012504 0.4742117737481105 0.055887630508958376 0.05474768415851479
0 0.06067454122187541 0.48932083425733675 0.10120143692972232 0.1244833314853265
0 0.10893216289711856 0.5796049290380172 0.14000805737069447 0.04872446828879458
0 0.12993630033993112 0.6417486132671192 0.11824216014423614 0.05213789462538863
0 0.2885125197547228 0.6653695818382623 0.1089398953265972 0.05471686305535748
0 0.41154932304135466 0.6073534135353503 0.16649912860909738 0.114243052475544
0 0.48976654844007006 0.6739879057134297 0.13281380642076393 0.07483194198043534
0 0.6128942707046534 0.6198779874105178 0.09113414627652787 0.02715330517696728
0 0.7010131729651048 0.6749834453877301 0.09731141109416672 0.024392326223654594
0 0.572125106760695 0.6832726294756577 0.12714438145888884 0.03237142619541977