0 0.7296875 0.95859375 0.125 0.0765625
0 0.5875 0.7859375 0.146875 0.1046875
0 0.44296875 0.6140625 0.1609375 0.0609375
0 0.47578125 0.55703125 0.209375 0.0828125
0 0.73125 0.67578125 0.2625 0.0859375
0 0.63203125 0.61796875 0.109375 0.053125
0 0.7859375 0.609375 0.1796875 0.0625
0 0.59453125 0.509375 0.1671875 0.0578125
0 0.73984375 0.46640625 0.0625 0.0359375
0 0.53671875 0.43359375 0.096875 0.0359375
0 0.2703125 0.51640625 0.1234375 0.053125
0 0.103125 0.6359375 0.1296875 0.0765625
0 0.37734375 0.38203125 0.0796875 0.021875
0 0.41484375 0.475 0.2015625 0.053125