0 0.818228282106212 0.8570139911839613 0.2109367720436282 0.23025796279135696
0 0.7157110253978228 0.4497347153232457 0.15703623986054147 0.15044148801910034
0 0.8255562829393913 0.32653780670039073 0.13519409084927717 0.12785715988879928
0 0.9412748460450573 0.3068751258450172 0.1174503079098855 0.202966287293461
0 0.9517585139978564 0.5069569713985136 0.09648297200428715 0.13717759618646852
0 0.8795385786161315 0.4632491222168202 0.10710194183801285 0.10505457694917482
0 0.5964479371464357 0.3045090061600858 0.21399607006615665 0.274007962791357
0 0.48736750411049934 0.4386434147829408 0.07443155347041035 0.08365080290255769
0 0.5225119544984869 0.7071850836574147 0.20385624556052448 0.26274308057737183
0 0.632820659830153 0.869243628755424 0.15337564431968734 0.20954366950744613
0 0.8366073054872226 0.6963319515282477 0.14998856436617344 0.16110616950744613
0 0.7904989498837844 0.14840288301659335 0.07123014381548423 0.06015873920022678
0 0.8156189182049008 0.2178622111468945 0.10611859604505725 0.09099207694917481
0 0.7213443943196873 0.22937757530471226 0.07955609604505724 0.09006449400955026
0 0.6903671819506556 0.3436384827464408 0.05905792574646931 0.0644097295815799
0 0.9319464456087971 0.13868812103569378 0.1361071087824058 0.06584823320977704
0 0.932368647673882 0.9211359670525262 0.1352627046522361 0.15772806589494764
0 0.58151062404077 0.5144097958157996 0.15594363342392406 0.13481648801910034
0 0.5281849841605581 0.05273568583433299 0.09699496832111638 0.07196925843752049
0 0.6450646616717384 0.6319718072485448 0.16216078243518836 0.15685517912609298