0 0.060719323997454666 0.09637616801906326 0.12143864799490933 0.11775233603812651
0 0.13657165730427406 0.21648984496658025 0.2250556386855446 0.14296261606989855
0 0.7713381033179553 0.12676801501094312 0.08526588534372674 0.07803527110331836
0 0.8400062873170008 0.13499930072475808 0.04903748400699968 0.05240797970746054
0 0.6933863733290911 0.043359451293950954 0.20385225334181775 0.0660455600635442
0 0.6743903779837734 0.13132705559602204 0.11349997334499946 0.08790119480442446
0 0.6556756459659561 0.2622770466675683 0.045985209341181485 0.058603432629559825
0 0.7600727919716832 0.2219032370077659 0.0709852093411815 0.059039809252765266
0 0.5416949619669106 0.2532548283241935 0.17193063868554467 0.1420353157455871
0 0.40861828528804756 0.34079396428288977 0.12999767735518084 0.16317393019392784
0 0.35089614461332064 0.3991734801112023 0.09954656134627218 0.09703073295387146
0 0.7483438566200021 0.3568822090045887 0.35067380402608955 0.19826949918592582
0 0.4601700525939124 0.5440786513766765 0.05692270934118149 0.05879434740221221
0 0.5272302832590944 0.5561889135515411 0.05852157200827222 0.061946620941162676
0 0.5571546879376392 0.46919347402212236 0.11651588534372692 0.07858074188232518
0 0.14527285327818434 0.40886825973923263 0.2845579080203627 0.1549365105500115
0 0.1860256699554566 0.3314387349824663 0.05525112133990877 0.04939207386326192
0 0.3738336579408209 0.4425513331954575 0.42785446936663485 0.2527309025944925