0 0.040602506388609585 0.8123346131950464 0.08120501277721917 0.1847057736099071
0 0.15702075486855377 0.7507150250705097 0.17023288144438115 0.24220520678620333
0 0.301636801369144 0.12463239575842651 0.08644151878308026 0.09630765494824059
0 0.3329623972245309 0.06272842657838026 0.05678851087441492 0.05634703628657398
0 0.13948962844145057 0.16840010254462992 0.21235671444818677 0.24433363477870335
0 0.2713179485936749 0.21914381338333389 0.10165002471457933 0.1256629642790738
0 0.38377418623638526 0.2676900371815285 0.06303851087441484 0.05689384043361105
0 0.38351154247189545 0.1595063902918063 0.06711851581733086 0.0806047425071295
0 0.3350727479856526 0.37392976672916733 0.1635717045623551 0.19335760367592564
0 0.3663970493547966 0.5222114418469452 0.17454369665368966 0.1569512119699997
0 0.3985927840317574 0.5917919185198619 0.1074543557412186 0.1152722684261109
0 0.5031900311031889 0.20274995942458435 0.24420357513232122 0.37634505240361066
0 0.5695392954004639 0.5231219565498623 0.06654551285158128 0.0665422425071295
0 0.6047393077577536 0.46165748477791785 0.06973417984777566 0.06837814458064813
0 0.5366869861226545 0.4123402814320844 0.0923386917107738 0.1264052580585183
0 0.33526116000175005 0.7896135553248156 0.1913385603035736 0.30165811922731434
0 0.28002717334762295 0.731390243684908 0.05548067885919252 0.06246033524981467
0 0.4465355355146322 0.5805912868987047 0.30826075794584645 0.45823889283722163