0 0.11547607861613145 0.4330983254301608 0.18287747402109952 0.1806783491396784
0 0.481303538387273 0.33327402478967205 0.1456616972858944 0.13985336123992678
0 0.5374010830556069 0.17428938934924845 0.12247556956195353 0.12097609621281205
0 0.4890896331718224 0.05510006957642836 0.18755426634364483 0.11020013915285672
0 0.31722534084927706 0.1216421540817755 0.13563113342392405 0.13042381908544903
0 0.39854067884856254 0.18916547648687423 0.10186813861970415 0.09430451190385666
0 0.6562378364098016 0.376024085290914 0.2703774740210996 0.18118740924813698
0 0.589475943350622 0.5389786032448949 0.08271394703379294 0.0660795179539809
0 0.34759408197032615 0.6341739703385543 0.2604561708027909 0.1733203670936593
0 0.16136165102807667 0.608684132709949 0.209068633423924 0.1308510659621911
0 0.2191859506400891 0.34026995511504776 0.16230289406758577 0.1321408551898025
0 0.7041079818147697 0.12173604020957011 0.05916718639013112 0.0643806625677866
0 0.634505675998571 0.1323013563681529 0.08791489926336578 0.09578519867214012
0 0.6651161736527824 0.22356670580241883 0.09085422896477802 0.07081246974937896
0 0.5818991180886852 0.307678606269957 0.06465236188449897 0.05347952400410509
0 0.7011472367584483 0.014588178184076456 0.15229447351689646 0.02917635636815291
0 0.033100985168964356 0.3280659126659825 0.031020043078850035 0.15324317466803503
0 0.4843624724316157 0.4887882265850701 0.1315991972858944 0.13977154800821018
0 0.9171099984105162 0.306509974247379 0.11603989926336596 0.0959488251355732
0 0.3575268208224613 0.4856182956705192 0.15380197921687966 0.14458631303532493