0 0.938984551974898 0.08208996721045583 0.12062908235511287 0.16417993442091167
0 0.8706584492617194 0.22844715230873605 0.19919656847545256 0.11944712008095948
0 0.8958599059246947 0.2847447399388357 0.07734255243632333 0.06478619629109836
0 0.8757488625876697 0.34341705506769804 0.049338665946844176 0.016601001809022263
0 0.9294245751107411 0.33203914179328653 0.08010660703211556 0.08361808344622812
0 0.8520517442967874 0.3851475316619497 0.25103847316352945 0.17511062188998183
0 0.6603765815891459 0.472276796699955 0.42716088217054293 0.1531957575747736
0 0.5854719208840894 0.23171375169748068 0.3765181369509049 0.23774781999010236
0 0.5971034284422286 0.378264525103229 0.3055466980251019 0.12657794662978264
0 0.31029384330933824 0.35825739880223306 0.3445882140642308 0.17689885119776694
0 0.22270990746585406 0.16974817673053724 0.07239423658176473 0.08477114767057933
0 0.2635549529623473 0.15203505427472855 0.07481832973421945 0.07399742198083885
0 0.3796596167497229 0.10303206750371159 0.24380576650055427 0.20606413500742318
0 0.28425987430786204 0.24204922263752274 0.08182979333702489 0.06190685775648763
0 0.3793430343946097 0.2892340818643484 0.06852875693983033 0.048751760515449584
0 0.16126936459025454 0.06669949909548885 0.2430862708194909 0.1333989981909777
0 0.14132140268549212 0.2612197037543302 0.10324371838316741 0.08015889077317437