0 0.38737206742850383 0.12648566596406713 0.1702480824314133 0.19602680653075474
0 0.3669945051701477 0.5067163137871489 0.13156847758022466 0.12300596878180663
0 0.23118429305187446 0.579876016875041 0.11272288273097572 0.1020932680561673
0 0.10030108380853917 0.5511557614327454 0.1243298045516262 0.1679365228654907
0 0.143238527589923 0.3804910865678216 0.12155574879205204 0.11486608656782167
0 0.21956165365293895 0.4470362350238755 0.08800992515463042 0.08564981252120454
0 0.43678033093360125 0.6649578889222252 0.16587931788754579 0.23794148801910034
0 0.5739776998696154 0.5801612813878293 0.06198955909355419 0.07227679328391083
0 0.6175531303150799 0.3409648613322289 0.158991589099373 0.229910733209777
0 0.5607456656117327 0.1699331095181304 0.12117285364324068 0.1865228317584982
0 0.32496727546389115 0.2590774219545169 0.1233413893989355 0.13674108656782158
0 0.21332659760350067 0.7428472428284238 0.0600763727290361 0.04883929328391083
0 0.21018588002521565 0.6757415883819201 0.08842451333591957 0.07164187622353531
0 0.29967881472274377 0.6936681875636135 0.06562474212409217 0.07863592068857254
0 0.3609673879011234 0.6046627404661711 0.049649055759574165 0.05470734736759475
0 0.0912283280586633 0.7549429603442863 0.07047148091420459 0.13801092068857254
0 0.27747116681968065 0.049419679759065194 0.15181733363936126 0.08476192431676959
0 0.5088950916844469 0.48907992440158754 0.13029302000387943 0.10738096878180663
0 0.4201340623068478 0.9191171100662846 0.08928538273097572 0.10127481252120454
0 0.48357661410422226 0.369784287378279 0.13507611485312837 0.12780259618646844