0 0.76015625 0.8203125 0.171875 0.1359375
0 0.425 0.66875 0.10625 0.109375
0 0.2890625 0.74375 0.0890625 0.0953125
0 0.23359375 0.88046875 0.1484375 0.140625
0 0.41171875 0.90234375 0.0984375 0.1015625
0 0.39609375 0.81171875 0.075 0.071875
0 0.3265625 0.54296875 0.2140625 0.1265625
0 0.471875 0.4703125 0.0625 0.0484375
0 0.70078125 0.5421875 0.20625 0.1203125
0 0.81640625 0.6625 0.1671875 0.0875
0 0.61328125 0.8109375 0.1203125 0.0984375
0 0.13984375 0.6859375 0.040625 0.0515625
0 0.1953125 0.71796875 0.0609375 0.0765625
0 0.22890625 0.6390625 0.06875 0.05
0 0.3375 0.63046875 0.0484375 0.0390625
0 0.05390625 0.81015625 0.1078125 0.1234375
0 0.81015625 0.95 0.1703125 0.1
0 0.515625 0.56328125 0.0921875 0.1109375
0 0.1 0.44375 0.0875 0.0703125
0 0.60390625 0.6359375 0.1109375 0.1109375