0 0.91796875 0.87734375 0.140625 0.1140625
0 0.83828125 0.74921875 0.1921875 0.10625
0 0.25546875 0.78046875 0.0703125 0.0625
0 0.19453125 0.7671875 0.0390625 0.0421875
0 0.31796875 0.921875 0.1796875 0.15625
0 0.34375 0.78359375 0.0953125 0.06875
0 0.371875 0.66640625 0.0375 0.0484375
0 0.27421875 0.6953125 0.059375 0.046875
0 0.47421875 0.68359375 0.14375 0.1125
0 0.60234375 0.615625 0.1015625 0.1359375
0 0.66015625 0.5671875 0.0828125 0.078125
0 0.29609375 0.5734375 0.3046875 0.14375
0 0.5734375 0.42734375 0.046875 0.0484375
0 0.5125 0.4109375 0.046875 0.0515625
0 0.47890625 0.48671875 0.0984375 0.059375
0 0.846875 0.57421875 0.246875 0.1109375
0 0.803125 0.640625 0.0453125 0.0390625
0 0.64296875 0.52578125 0.36875 0.1859375