0 0.928125 0.8734375 0.14375 0.190625
0 0.8546875 0.715625 0.1828125 0.1015625
0 0.8828125 0.66015625 0.06875 0.05625
0 0.86796875 0.60390625 0.046875 0.0125
0 0.91875 0.61328125 0.0703125 0.075
0 0.8671875 0.56328125 0.265625 0.1515625
0 0.6703125 0.48671875 0.4015625 0.11875
0 0.57890625 0.721875 0.3453125 0.2046875
0 0.6015625 0.58046875 0.2859375 0.103125
0 0.32265625 0.60859375 0.31875 0.146875
0 0.2234375 0.79375 0.0640625 0.0765625
0 0.26171875 0.809375 0.065625 0.065625
0 0.3703125 0.88125 0.21875 0.2375
0 0.2890625 0.72265625 0.0734375 0.053125
0 0.384375 0.6734375 0.0625 0.0421875
0 0.15546875 0.91953125 0.2234375 0.1609375
0 0.15234375 0.7078125 0.09375 0.0703125