0 0.8765625 0.6671875 0.171875 0.1328125
0 0.509375 0.684375 0.1046875 0.1078125
0 0.42265625 0.81328125 0.0875 0.09375
0 0.434375 0.9453125 0.146875 0.109375
0 0.60390625 0.8984375 0.096875 0.1
0 0.5484375 0.825 0.0734375 0.071875
0 0.36484375 0.6171875 0.2125 0.1234375
0 0.46171875 0.48671875 0.0625 0.046875
0 0.69765625 0.44609375 0.20625 0.1171875
0 0.85546875 0.5015625 0.1671875 0.0859375
0 0.7421875 0.72578125 0.1203125 0.096875
0 0.26328125 0.8296875 0.040625 0.0515625
0 0.32734375 0.8328125 0.059375 0.075
0 0.32109375 0.74765625 0.06875 0.05
0 0.4140625 0.68984375 0.0484375 0.0390625
0 0.2359375 0.9609375 0.125 0.078125
0 0.95234375 0.7734375 0.0953125 0.13125
0 0.54296875 0.54921875 0.090625 0.109375
0 0.11796875 0.63125 0.0875 0.0703125
0 0.65390625 0.57421875 0.109375 0.1109375