0 0.03471251469932108 0.1280586744105682 0.06942502939864216 0.10299234882113639
0 0.14049444595241406 0.15761086463846719 0.16048155585660823 0.20611203163466157
0 0.19434646426977978 0.10108629201478492 0.08279256784239583 0.09224584980971957
0 0.2612883028043905 0.10851147285114375 0.02630355042954129 0.05564250494291585
0 0.24676545737237482 0.07190546939110264 0.09529921189493056 0.06313135277546908
0 0.3133111482364062 0.14664548421985027 0.2236300090451115 0.2507825444862428
0 0.42523021483560663 0.3117040929268184 0.24528808231457438 0.4855395464634092
0 0.17345527363289096 0.4548970415204933 0.32728835481581153 0.4436650642579064
0 0.330309461217562 0.4049182406456408 0.19614017412854548 0.3510080375661605
0 0.34251073157109263 0.7248460800752371 0.25476490162730825 0.39861254942915886
0 0.14863017752350674 0.8688322075281046 0.10466756784239584 0.0931371877564409
0 0.1248961064017505 0.8287192020908971 0.09208568068726608 0.09106535178688588
0 0.09603403776638517 0.711742607718385 0.19206807553277033 0.2852212114824372
0 0.21892274536590256 0.782443721368269 0.0814757293077851 0.09686968281352523
0 0.25943928200063393 0.6666568952845455 0.0651137449116174 0.08217051285158128
0 0.07179103855935466 0.9120835059314991 0.13589763568479168 0.17583298813700168
0 0.2579365784734464 0.9343537312541006 0.10630531094499088 0.1243871877564409