0 0.7678915804260675 0.7183879336267898 0.21246753333979881 0.1811173751024439
0 0.41060498103489074 0.6618705297789015 0.13883884364130097 0.13721751778268043
0 0.285653165273377 0.7719797380082879 0.11868584030732113 0.11915672249741008
0 0.25111918435917235 0.9090088571148758 0.19049693849054988 0.1598588052100677
0 0.4315081860261623 0.8920460272977021 0.13038861485312836 0.12904114474715128
0 0.4025219298172445 0.8085635932611369 0.09620506242753386 0.09164815260503367
0 0.2938954552811356 0.5661299983473701 0.25322007909743344 0.18457201488719618
0 0.4288759752850149 0.45711025517179565 0.07684928454774695 0.06428513192686935
0 0.6680341990722178 0.4638717156774937 0.24320735030926066 0.176322867244561
0 0.8011977722505975 0.5487282510379665 0.19445111485312835 0.13202490363849115
0 0.6198846440615495 0.7486298593911874 0.1508286606107628 0.13154971463952697
0 0.1281275787590777 0.7567464979330853 0.05640923879011232 0.06177656203449331
0 0.18916080254628054 0.771804263648851 0.0838326081851685 0.09262845574818712
0 0.21095579633736272 0.6859566548813454 0.08335437606301595 0.06770123035529281
0 0.3183217572476879 0.6482682562052531 0.060203918486670636 0.0510573858558109
0 0.0663677941509877 0.8991737464853433 0.1327355883019754 0.1498630669968918
0 0.835270785876381 0.8273219778786027 0.19834138939893542 0.14154545285270287
0 0.48552484588801914 0.5354128835840084 0.12790134364130096 0.13670809553293922
0 0.053739668172560685 0.5322067243594368 0.10747933634512137 0.09379284946188075
0 0.5845046087648967 0.5813910095150219 0.14534393515657004 0.1406336162111037