0 0.20625 0.91015625 0.146875 0.171875
0 0.39140625 0.76796875 0.0921875 0.1015625
0 0.49921875 0.759375 0.084375 0.1015625
0 0.63203125 0.7390625 0.0890625 0.10625
0 0.58984375 0.8734375 0.10625 0.1140625
0 0.44921875 0.9140625 0.1203125 0.1234375
0 0.31875 0.94375 0.09375 0.1125
0 0.7453125 0.909375 0.134375 0.109375
0 0.8515625 0.640625 0.2703125 0.2359375
0 0.96953125 0.7953125 0.0609375 0.1875
0 0.52890625 0.5203125 0.1421875 0.125
0 0.36953125 0.56640625 0.0703125 0.059375
0 0.43203125 0.55625 0.040625 0.046875
0 0.640625 0.37421875 0.0921875 0.0671875