0 0.0890625 0.7921875 0.121875 0.1546875
0 0.31015625 0.71796875 0.078125 0.090625
0 0.41484375 0.74453125 0.06875 0.0921875
0 0.546875 0.76875 0.075 0.096875
0 0.46328125 0.88203125 0.090625 0.1015625
0 0.3171875 0.875 0.103125 0.1078125
0 0.18359375 0.86484375 0.0765625 0.109375
0 0.5984375 0.96015625 0.121875 0.0796875
0 0.78671875 0.746875 0.24375 0.1984375
0 0.90078125 0.93359375 0.1484375 0.1328125
0 0.5203125 0.52890625 0.128125 0.10625
0 0.35546875 0.5203125 0.0625 0.05
0 0.4171875 0.53125 0.034375 0.0421875
0 0.67421875 0.4265625 0.0859375 0.053125