0 0.8087582346769608 0.05994290735691059 0.1731085306460784 0.11988581471382118
0 0.5884709565023403 0.1854066657096131 0.10946252471457943 0.1208432680561673
0 0.46315262152136843 0.19758426189608153 0.09996019072219049 0.1173908858421822
0 0.30919995057084126 0.2232440047245054 0.10652852570316255 0.12542164065150568
0 0.36703364969598884 0.06803569346924528 0.1272866946765233 0.13607138693849055
0 0.5306478221293907 0.04502229020386791 0.1418293557412186 0.09004458040773582
0 0.6814118260837233 0.02338041398033255 0.10905134783255335 0.0467608279606651
0 0.1986656516731552 0.0640550323993196 0.13816584486680372 0.05943454210278445
0 0.10510931125497577 0.33758679083684007 0.21021862250995155 0.27170141832631983
0 0.41372964718734984 0.47235857260318753 0.16991986364988404 0.14947918874473984
0 0.5993289075674731 0.41672858757931197 0.08405134783255334 0.07158731252120454
0 0.5277894885941125 0.43014873603536585 0.04910334486680377 0.056324411069925695
0 0.27410477859454996 0.6441839873013102 0.10774351581733085 0.0786557680561673