0 0.8092786466091779 0.1428076650259331 0.16232883374611512 0.17487930372251176
0 0.6100148930945212 0.2644702255337088 0.10182367328319834 0.11302415990702759
0 0.4980050446660977 0.26290808951189476 0.09401117328319834 0.11247785668871887
0 0.36041299938082744 0.2720977831914929 0.09891699710451593 0.11749313861970415
0 0.4121660521096958 0.13698509185768323 0.11654114474715094 0.1280700056999832
0 0.5600791672873423 0.10813846204005548 0.13260279238978612 0.1385376121366005
0 0.6960723252690596 0.09962075771679554 0.10294952564056317 0.10375842055068932
0 0.2546468045908952 0.08599675620418627 0.14601032092583344 0.12545845792955618
0 0.13707508385081352 0.3537473488950488 0.27415016770162703 0.26821367650277406
0 0.026550710608141848 0.18416183255140384 0.053101421216283695 0.19902736188449896
0 0.45216804404692523 0.5065981053513365 0.15455056699689199 0.14162976114786474
0 0.6198671203494421 0.4736484835794805 0.07634848428423435 0.06763525025210164
0 0.553805472706807 0.4784345365456876 0.046006012820281585 0.05149679802252862
0 0.3264680690683158 0.6475130464330447 0.10014985731976359 0.0770866599070276