0 0.07488164271557944 0.15170328734266392 0.14503501834240007 0.16221842531467218
0 0.19108461889639602 0.35116864584617075 0.12193248746358769 0.11837333693238987
0 0.19380410510634247 0.47154034543125223 0.12161423871722894 0.10743583693238996
0 0.20747546318218585 0.6184862004102741 0.12652905925034236 0.11560353444287888
0 0.07204041686396727 0.5653280794592126 0.11443823620994645 0.1287188410815748
0 0.054971274148387816 0.40924402282051686 0.08993834138279595 0.14401195435896633
0 0.03748459428578981 0.2657191657669026 0.06260295157021036 0.1154366684661949
0 0.30168141890903133 0.8423245968811447 0.28608121865896924 0.294512552289018
0 0.1753582627991097 0.9677767280046756 0.08872753087881238 0.04881785352912935
0 0.45555159883813634 0.5065143835991087 0.15486465940862698 0.1785538203356502
0 0.41516697657652796 0.3294908649277768 0.07419366943775678 0.08513386182749913
0 0.4218776293212373 0.3986669174172877 0.056096887305303156 0.05258147095570589
0 0.6111376722742436 0.6333109140932954 0.08434155925034226 0.11240675684847723