0 0.23266872091226493 0.09357488095008956 0.19158120636839734 0.13394787155854943
0 0.3985168615191484 0.12213491555050067 0.12882611485312828 0.12827619171077376
0 0.3730221381909875 0.25813874113993246 0.1452163893989355 0.13828786167271767
0 0.5213485836393612 0.100665775246052 0.2208221672787225 0.16784271049385407
0 0.5132167034934595 0.24905685429552493 0.14779925546001174 0.15085152866891205
0 0.6078756281890478 0.21631729155767437 0.20848166394474266 0.15020954152049332
0 0.675797096516239 0.05634672535978273 0.15784419303247788 0.06405186562705037
0 0.7844544904571022 0.09970674760290416 0.2095339809142045 0.14402320851668773
0 0.6468735816825072 0.44605121250820146 0.1379460233378591 0.12553319368794008
0 0.6068385130460555 0.4420839541052445 0.0763071506088231 0.07630251482874754
0 0.5642843512273445 0.4263342787060931 0.06147937606301603 0.06635451186299815
0 0.04279263319001768 0.21898742193911028 0.06900431788754577 0.23484984387822055
0 0.21965750637809572 0.39204687304142416 0.4051327497101359 0.3653437460828483
0 0.5016565475938023 0.49853293087353984 0.2117978536432407 0.19083454152049342
0 0.4201828912351033 0.6260265780980708 0.15532471303635714 0.16673119665368966
0 0.5159895988114487 0.6455034313678315 0.0994895590935542 0.0741325197716634
0 0.8451209234876405 0.40684542695638826 0.309758153024719 0.46155290121604453