0 0.2 0.909375 0.1484375 0.159375
0 0.2984375 0.95078125 0.0875 0.0953125
0 0.43515625 0.9203125 0.1203125 0.134375
0 0.3765625 0.76015625 0.0984375 0.103125
0 0.48828125 0.7625 0.0953125 0.1046875
0 0.62578125 0.74296875 0.0828125 0.084375
0 0.56875 0.88359375 0.1125 0.11875
0 0.36875 0.559375 0.06875 0.0640625
0 0.43359375 0.55859375 0.0375 0.05
0 0.4796875 0.58203125 0.0515625 0.059375
0 0.7328125 0.91171875 0.1609375 0.121875
0 0.953125 0.784375 0.09375 0.246875
0 0.8171875 0.64140625 0.365625 0.3109375
0 0.52578125 0.52109375 0.1421875 0.13125
0 0.140625 0.63359375 0.090625 0.103125
0 0.3265625 0.4328125 0.0375 0.0421875
0 0.640625 0.3734375 0.1046875 0.0953125