0 0.023080754658589032 0.8354082593915402 0.046161509317178065 0.17761034684397004
0 0.11388220300511816 0.6236351126613008 0.12983869171077375 0.12384335969555131
0 0.10747964718734986 0.49268886018984287 0.13283635771838495 0.12084569368794007
0 0.1258197647915666 0.33066636266130084 0.10876218775644104 0.10426568874502422
0 0.01896888140720011 0.4018317554372075 0.03793776281440022 0.134913510874415
0 0.34929312098989573 0.6269669955885567 0.08156301779449712 0.08755834980971962
0 0.34772530380342087 0.5502134945999736 0.0628475098858317 0.04935801285158128
0 0.32017064817593305 0.49666007167228016 0.07442167984777566 0.0654286818249421
0 0.2404127998862693 0.16865313539871388 0.38454473224268393 0.3260902450942652
0 0.38899624403131994 0.43999091901054177 0.16800453657757747 0.17999520060802238
0 0.27024631365207163 0.8960724812541006 0.13108285672980174 0.11609452669174587
0 0.4992957795831332 0.6714239442194128 0.0534725098858317 0.04897601087441501
0 0.5582303581754955 0.3005503701128557 0.12084569368794007 0.13283635771838495