0 0.8936818372903126 0.23719911913676267 0.14644250816812487 0.18363972267624523
0 0.8717010005686809 0.400330378211949 0.12616506933854196 0.1179056383672897
0 0.7349997811538891 0.3667270169720222 0.13594011284152785 0.13514768052176757
0 0.9094698382402433 0.5216695679070986 0.18106032351951348 0.21204652380771344
0 0.7554239967689588 0.505889510921898 0.1469139804327085 0.13677381303532493
0 0.7959054860353825 0.6006434747193486 0.14673344889756965 0.19613972267624505
0 0.9631234747331252 0.675094549756726 0.07375305053374959 0.15832156010845858
0 0.926641767286181 0.7826888811388152 0.1467164654276381 0.19938289734428025
0 0.571469183698681 0.6235532130118837 0.12325827488562506 0.12726245764913066
0 0.5713412439191672 0.5844952581914236 0.07507404160312507 0.07073974687674198
0 0.5836769365484727 0.5439475262436003 0.06384560087368066 0.058176114363184796
0 0.7452767856192014 0.03636280610143784 0.23430357123840279 0.06541696350286305
0 0.5889027651019794 0.19793104429577704 0.35905553020395864 0.39109874043383436
0 0.5071313139232989 0.4771049390077787 0.18892094889756947 0.19638516237139497
0 0.37384472881718783 0.3888413488450907 0.16268445079743063 0.14311471662612102
0 0.36270916669684067 0.480951580792914 0.07249455547083343 0.09415906615858276
0 0.6265970140551396 0.8417431141667929 0.45273148860083373 0.3165137716664141