0 0.19296875 0.90390625 0.146875 0.1578125
0 0.290625 0.946875 0.0859375 0.09375
0 0.428125 0.91953125 0.11875 0.1328125
0 0.371875 0.7578125 0.096875 0.1015625
0 0.48359375 0.7625 0.09375 0.1046875
0 0.621875 0.7453125 0.08125 0.084375
0 0.56171875 0.884375 0.1109375 0.1171875
0 0.3671875 0.55703125 0.06875 0.0625
0 0.43203125 0.5578125 0.0375 0.05
0 0.478125 0.58125 0.05 0.059375
0 0.72578125 0.91640625 0.159375 0.1203125
0 0.95078125 0.79296875 0.0984375 0.2453125
0 0.8171875 0.646875 0.365625 0.30625
0 0.52578125 0.521875 0.1421875 0.1296875
0 0.13828125 0.62734375 0.0890625 0.103125
0 0.32734375 0.4296875 0.0375 0.0421875
0 0.64296875 0.37578125 0.103125 0.09375