0 0.11015625 0.8203125 0.1125 0.1484375
0 0.32578125 0.73046875 0.071875 0.0859375
0 0.43203125 0.75 0.0640625 0.0875
0 0.565625 0.76484375 0.0671875 0.0921875
0 0.48984375 0.88359375 0.084375 0.096875
0 0.34375 0.88671875 0.096875 0.1015625
0 0.21015625 0.8859375 0.06875 0.1046875
0 0.63125 0.95859375 0.1171875 0.0828125
0 0.803125 0.7265625 0.23125 0.1828125
0 0.93125 0.92109375 0.1375 0.1578125
0 0.52265625 0.52734375 0.121875 0.0984375
0 0.35703125 0.53046875 0.0609375 0.046875
0 0.41953125 0.53671875 0.03125 0.040625
0 0.66875 0.41484375 0.0828125 0.046875