0 0.8275242815351389 0.03101839874595576 0.16370143692972228 0.06203679749191152
0 0.6270313594230554 0.1334167352541383 0.10414459897381967 0.11863344606059653
0 0.5095711024892011 0.15401542301636512 0.09476959897381967 0.11792305103961845
0 0.3660204710303123 0.1898489470862818 0.10116506933854179 0.12464664772027048
0 0.4116265246012847 0.05335856918649677 0.12009690729444458 0.10671713837299354
0 0.5637709060601737 0.027209082358997678 0.13495818787965277 0.054418164717995356
0 0.7056681185411111 0.00019537385084647806 0.1042887629177777 0.0003907477016929561
0 0.24414873708222218 0.04195514543357444 0.15061955547083344 0.08391029086714888
0 0.13909690796003465 0.31819112510024633 0.2781938159200693 0.28236774979950735
0 0.01804083197197914 0.16107920995804373 0.03608166394395828 0.20596658008391255
0 0.4761903323532287 0.41546240849421806 0.1594867156150695 0.15090241701630233
0 0.6493018304533678 0.3493134997762854 0.07965243882958326 0.07154495850815117
0 0.5810421397239233 0.36696386367837697 0.046476262917777865 0.05343357593472771
0 0.35447572046163145 0.5853390458415264 0.10327177678548613 0.08113344606059662