0 0.9712799946233165 0.20950152726364504 0.05744001075336698 0.18117857123840278
0 0.969126797352185 0.46907654901513807 0.061746405295630066 0.14720361474138902
0 0.8602184859368641 0.38432230214927016 0.13721751778268043 0.13117987765916678
0 0.847144905291121 0.5066337132434369 0.1386344685684687 0.12809124525034737
0 0.8055118310555187 0.653854858570034 0.11276117328319835 0.10875936379145834
0 0.9439951915826071 0.6135720846343394 0.11200961683478568 0.14524237765916687
0 0.6400664977236884 0.34252058111895783 0.08837760339082212 0.08790134992375007
0 0.630060105043452 0.4131422056439925 0.06482878742738744 0.05145470364722229
0 0.649013466292157 0.4674478459365967 0.07812930810555194 0.06893314437666671
0 0.9445271155896766 0.7944226943417354 0.11094576882064686 0.19164459897381966
0 0.8050774532624784 0.9635753506862492 0.2829965905705407 0.044046166412500296
0 0.6676758449092576 0.8009688607542355 0.4202998072769823 0.37813283852458357
0 0.5765776941662505 0.5074565565176732 0.17875435442427942 0.18521406743868063
0 0.7541503066578098 0.10523617382451327 0.13521837014004526 0.12176851006798621
0 0.5071041404039248 0.27522659118694404 0.055381012820281586 0.04967399810013893
0 0.39671471980681366 0.608622932276979 0.13118584160399785 0.13572190729444458