0 0.8269902760705035 0.9173599926483098 0.17247338217054278 0.13984815128862388
0 0.7256640152731618 0.7004037867462731 0.10071949568106327 0.08937011646291496
0 0.7421482132982635 0.5899576096770515 0.1016812183831675 0.08007700361804453
0 0.7510096784422285 0.4516763596770515 0.10500647748246603 0.08336577792830405
0 0.8773230521317817 0.5233576871303859 0.11558303207825774 0.10260710085908258
0 0.8865106801402716 0.6735590829919429 0.1211716980251019 0.11691526232447184
0 0.8910305945459559 0.8109738738105456 0.11936936613141427 0.08879026232447203
0 0.9346418036729413 0.37507399536184327 0.07832286397194572 0.12868492198083886
0 0.7022669995385746 0.20925648631673174 0.2273587461424887 0.26730476594251656
0 0.8811708544112218 0.09634812980343956 0.15640829117755645 0.10786116689245617
0 0.5082726634828337 0.5087198185197643 0.12267364126984166 0.14035276232447186
0 0.5185023573458825 0.6793565451140161 0.05899307063492074 0.07005355042954128
0 0.5226577336563293 0.6145127951140161 0.0476154796419344 0.03831222749876275
0 0.38583406385197405 0.36434129748886523 0.06195738433001132 0.09201043758467105