0 0.14805962459461056 0.0777133707505688 0.1788807508107789 0.1461916062284217
0 0.2644346469157449 0.043506159342632564 0.10238070616851021 0.05457094606059656
0 0.4240590629062133 0.08611082428434251 0.14250687418757338 0.11846842531467217
0 0.35015613839432824 0.24166116204192495 0.11931483603812651 0.13075493776222674
0 0.4798572751638034 0.2507070431654559 0.1162443831160271 0.1336431394219007
0 0.639577148540598 0.28784295810716587 0.09864778003177221 0.10890324855010754
0 0.5783783701303837 0.11892609213048191 0.13685689204448098 0.1523698286340201
0 0.33201624432125243 0.47418931951045773 0.08412162986961631 0.08127515601864026
0 0.4070026075517772 0.4806537296782829 0.04634889448011279 0.0628085759347277
0 0.4621128474055075 0.4605789506339887 0.06216480925276535 0.07493006763635801
0 0.7684403084419864 0.12081159130528932 0.19102619480442443 0.12682629958972588
0 0.9793896708617323 0.27056682803254206 0.0393660576279121 0.2885422817435865
0 0.8171373125024715 0.4233338626759136 0.3595615551922801 0.3955082124568435
0 0.5140105381527422 0.5349170224195315 0.17303985389503396 0.16915550954776962
0 0.07033049634984731 0.36283280933798817 0.11152960957707685 0.1317254419114117
0 0.27868491842939563 0.6164350964801594 0.04621252678536116 0.05499607593472753
0 0.6422059017903041 0.7198625527132255 0.1254284683433749 0.12341603444287888