0 0.8075513267168016 0.10152301327859878 0.18187935442427944 0.18225902985783757
0 0.7043022022335304 0.05448036251647298 0.10607452564056316 0.09746587334017513
0 0.552684044251813 0.07514894916311944 0.14775691149637407 0.15029789832623888
0 0.5959866263452982 0.2503701003180287 0.12122864474715093 0.12098518657189175
0 0.47543868589859206 0.2393558531466991 0.11654114474715094 0.12095791549465282
0 0.32258551364885113 0.25117966315696183 0.10145980024766903 0.09900110226293624
0 0.40293660132390763 0.10231491628021976 0.13765416542531544 0.13826359016268785
0 0.5795481813504781 0.4691564617543472 0.08318068114108108 0.0754636083130606
0 0.5086363678682428 0.4656638230924698 0.046442660462916764 0.058067030054229286
0 0.4615451980997012 0.4370393742239379 0.06413958271265763 0.06910452400410509
0 0.22812069189444814 0.066782979020957 0.1906336162111037 0.133565958041914
0 0.16084114660917787 0.35138471711710034 0.32168229321835573 0.36285556576579936
0 0.4039467138154668 0.49985753679172457 0.17282968610347993 0.15565107806243947
0 0.8364018029382653 0.4043980284039093 0.11334337014004489 0.1193772347764936
0 0.608899579407398 0.610353633495516 0.04607878742738745 0.050254530054229286
0 0.2609136896226458 0.6529921480316514 0.12547949710451595 0.11163745764913066