0 0.715625 0.921875 0.1609375 0.115625
0 0.56328125 0.875 0.1 0.1046875
0 0.61328125 0.75 0.1140625 0.1125
0 0.44140625 0.91015625 0.1796875 0.1796875
0 0.47890625 0.74765625 0.1140625 0.1234375
0 0.3828125 0.77109375 0.1734375 0.1140625
0 0.2859375 0.94765625 0.1375 0.1046875
0 0.18984375 0.89375 0.1703125 0.165625
0 0.38984375 0.55390625 0.109375 0.1015625
0 0.42734375 0.56015625 0.059375 0.0625
0 0.4640625 0.578125 0.0484375 0.0546875
0 0.95390625 0.81484375 0.0921875 0.2140625
0 0.80546875 0.6390625 0.365625 0.2890625
0 0.5375 0.515625 0.16875 0.1546875
0 0.6390625 0.40234375 0.11875 0.1390625
0 0.55234375 0.37734375 0.0828125 0.05625
0 0.153125 0.57109375 0.2953125 0.3953125