0 0.8963268732907638 0.23127885639749235 0.13826633225631965 0.17815643515657004
0 0.6654204057758332 0.29853090290403295 0.08666615824437507 0.10532497091226496
0 0.5550466034391318 0.2652564041119809 0.07732752583555573 0.10612219636645773
0 0.41645688212447907 0.23359233168250731 0.08368662860909737 0.11131987939699588
0 0.5021060542365625 0.11847725683713764 0.10098323138263901 0.11741038273097573
0 0.6551765028497917 0.13332049108532212 0.11362870174736131 0.124680748792052
0 0.7964554662806597 0.15033213215124758 0.08870143692972228 0.12576501666989945
0 0.3603919861322916 0.05290057001357766 0.13066942496187509 0.05277379788366643
0 0.1649300965052776 0.24515248758216437 0.2691175951740974 0.23874273304023647
0 0.061573279635277776 0.06675680742656415 0.12314655927055555 0.1085136148531283
0 0.44733863373999966 0.4873709069869189 0.1402275693385418 0.12841152667183914
0 0.6199403323532288 0.503808463205535 0.06846036569131933 0.060171967578284934
0 0.5552966041047218 0.4899215642637017 0.03855466014423605 0.04837359818322895
0 0.28690766717499955 0.5869887854658308 0.09356946846486114 0.06690019970043756