0 0.4421875 0.83359375 0.134375 0.1046875
0 0.89375 0.74296875 0.1125 0.0765625
0 0.52578125 0.75546875 0.090625 0.078125
0 0.8 0.70078125 0.1046875 0.0640625
0 0.69453125 0.565625 0.0765625 0.0546875
0 0.584375 0.58828125 0.0828125 0.0703125
0 0.45625 0.596875 0.0765625 0.0703125
0 0.42421875 0.50859375 0.0609375 0.0484375
0 0.27890625 0.646875 0.1234375 0.1
0 0.35 0.46796875 0.0296875 0.040625
0 0.30078125 0.52734375 0.0578125 0.04375
0 0.19140625 0.5328125 0.0265625 0.025
0 0.365625 0.51875 0.0375 0.0265625
0 0.28828125 0.4125 0.0390625 0.034375
0 0.2859375 0.46796875 0.0890625 0.0453125
0 0.61171875 0.7734375 0.040625 0.03125