0 0.5562596112399267 0.10358512947565765 0.1412613251355733 0.1175654735504664
0 0.080142538834828 0.20790423428557162 0.12078519867214013 0.08825740514873237
0 0.4668703791939076 0.18694293202178897 0.09734769867214013 0.08689232622365468
0 0.17729933996629615 0.250699408061917 0.10976588544042358 0.0735578683170294
0 0.28361803854024037 0.3906503028990672 0.08157725292686617 0.06098227360693613
0 0.39990611387220537 0.36355791090451445 0.08637383723582168 0.0800052893919517
0 0.5342538427949666 0.3510439584007354 0.08012383723582168 0.0796412683452643
0 0.5660492643397437 0.4429738531672984 0.06592498184962743 0.05538472099021767
0 0.7214902223816576 0.29481082700011346 0.13028746369925487 0.11067843671876343
0 0.6420986799325924 0.48465384797621375 0.029932939695149586 0.04391659997176518
0 0.6948646107489475 0.4198409190793709 0.06121021077238851 0.0504242052052021
0 0.8112663155694075 0.4122797770848181 0.028270445745273775 0.026638094710093263
0 0.6277180173648057 0.43078539533126037 0.039217036104353474 0.028837631541796326
0 0.7041674087571576 0.5412153901401757 0.04083407825883114 0.038303636803468065
0 0.7092998154712118 0.4830843717243242 0.0955943011314682 0.053988820961982854
0 0.37611811416679297 0.17034623719875622 0.04237839754067192 0.0352696420651399