0 0.41873694279472173 0.20915915253181935 0.15262019780928657 0.1515292797373265
0 0.5132514724198929 0.2671564382620396 0.12179609514371954 0.11091092378986112
0 0.8157914507122805 0.3165544092020817 0.13318823620994635 0.12710913387576941
0 0.8971490993003547 0.27089442842395856 0.14568823620994636 0.12776423111680746
0 0.7117213793212374 0.46633200192056395 0.12254024122451135 0.08286781094499088
0 0.5953007574553404 0.4329286024409623 0.0974038489046432 0.07687011646291478
0 0.4601816113745486 0.4539294199446739 0.16233016693047428 0.10991498982323478
0 0.3019599344149445 0.431596317276569 0.07006845909205772 0.048915534825709095
0 0.31478419483978576 0.49701327736247725 0.07935253087881247 0.04628185775648745
0 0.42534962179938984 0.5168488217991247 0.11234688730530315 0.05425148801421233
0 0.38272185259906 0.5263156750330567 0.04787521034569897 0.03683161465389269
0 0.32832150910469304 0.5601274310259503 0.14758570533113408 0.0857405054270668
0 0.20839780251991774 0.4867574508136541 0.048238923198680436 0.049331614653892505
0 0.2808147086298393 0.3751039778374471 0.16600073620994643 0.1288287641334942