0 0.5137450617682834 0.19465585577839967 0.16862930372251164 0.16111786661563351
0 0.4447161923422159 0.26585042345916604 0.132866766343645 0.11759335969555132
0 0.1756926767548756 0.3623938651327588 0.14824039406758574 0.1369163626613008
0 0.09029612613445695 0.3332064308363588 0.1436621547112475 0.13828786167271767
0 0.32467611599499835 0.487655144790254 0.12966535668871887 0.09409219269935694
0 0.42397699346683754 0.43716966653908385 0.10724405347041036 0.08538835475263547
0 0.5594228205703597 0.4356774452079959 0.17203852698730665 0.12074753460041113
0 0.7017470783640298 0.3877240593521715 0.07548060124083733 0.05449118182494202
0 0.7124767647541611 0.45204122733694907 0.08474634059717552 0.05331068380210837
0 0.6137550414893662 0.4885278725843136 0.11665190445914586 0.0639590237259963
0 0.656778421811197 0.4910599649796595 0.05105975544788173 0.03947367688202626
0 0.7199175601787996 0.5138873113293378 0.15499313861970415 0.09979836463846717
0 0.8087836822027572 0.4255834980971958 0.05349634059717552 0.052037343878220454
0 0.7016653148703765 0.33085197684265755 0.17647465471124732 0.13962486859279988