0 0.26251426453329846 0.20855561223247845 0.15974128875333343 0.15454641066226812
0 0.366256207162604 0.25222670737619807 0.08993662860909737 0.10723348997087019
0 0.49982916052548576 0.3913610667056827 0.07507404160312507 0.07244931301126609
0 0.6224315123490969 0.3636572670222519 0.08125130642076392 0.06950616943775678
0 0.6685648959921874 0.19535354790106424 0.1176979526972918 0.09242684389007838
0 0.7487082973027082 0.1109080032321983 0.08608427678548622 0.07589256175762475
0 0.46033351548322904 0.24089205377355896 0.09295252583555573 0.10263691818411544
0 0.17842497957968712 0.46253240690134445 0.12431162860909732 0.10823370031656906
0 0.24953495374413145 0.5646692199126104 0.06882404160312508 0.0722674565847754
0 0.37615265834128425 0.5323915804957362 0.07819904160312507 0.07254024122451135
0 0.1446285949866662 0.6046146068222022 0.05250805737069451 0.04212531551854859