0 0.43828125 0.815625 0.134375 0.1296875
0 0.525 0.7578125 0.109375 0.09375
0 0.81484375 0.7046875 0.11875 0.109375
0 0.8984375 0.746875 0.1296875 0.1078125
0 0.7 0.5609375 0.1125 0.0671875
0 0.5890625 0.5953125 0.0890625 0.0640625
0 0.45546875 0.5765625 0.1484375 0.0875
0 0.303125 0.6015625 0.0640625 0.0390625
0 0.309375 0.53828125 0.0734375 0.0359375
0 0.415625 0.5171875 0.1046875 0.0390625
0 0.3734375 0.50859375 0.04375 0.0296875
0 0.3171875 0.4765625 0.1375 0.0671875
0 0.20703125 0.54921875 0.0421875 0.0421875
0 0.28828125 0.65625 0.15 0.10625