0 0.38515625 0.81796875 0.1234375 0.0875
0 0.8453125 0.8078125 0.10625 0.0625
0 0.48046875 0.75625 0.0828125 0.0671875
0 0.76015625 0.75 0.0984375 0.0515625
0 0.68046875 0.5984375 0.071875 0.0453125
0 0.56796875 0.6015625 0.075 0.0609375
0 0.43984375 0.58828125 0.06875 0.0625
0 0.4234375 0.4953125 0.05625 0.040625
0 0.25703125 0.60625 0.1140625 0.084375
0 0.3578125 0.4421875 0.0234375 0.0375
0 0.29921875 0.49296875 0.053125 0.0375
0 0.18984375 0.47890625 0.0234375 0.021875
0 0.3640625 0.4953125 0.034375 0.021875
0 0.30703125 0.37734375 0.034375 0.0296875
0 0.29453125 0.43125 0.0859375 0.034375
0 0.56328125 0.78828125 0.0375 0.0265625
0 0.95859375 0.91484375 0.06875 0.046875