0 0.3355707852851799 0.20516318120913857 0.15002141535490923 0.13519313231716562
0 0.43639559395137023 0.24990753376666244 0.08478989926336578 0.0957670179539809
0 0.5679401609154338 0.38747973575845224 0.0699954257464693 0.06288179508134392
0 0.6835980119041695 0.36492295882748094 0.07602690445914603 0.05979315651766246
0 0.7240705565725033 0.20602922697785356 0.11171303218308673 0.078743144417414
0 0.7999667850330783 0.12899402830571344 0.08115144703379276 0.0660704275949013
0 0.5258023013767232 0.24313483811958442 0.08747785668871888 0.08953519867214013
0 0.2616626637654253 0.44475292203575634 0.11593063861970414 0.0943863251355733
0 0.33199122528160724 0.5451660124930319 0.0637454257464694 0.0628454336450254
0 0.4520087943393577 0.5178944644848217 0.0731204257464693 0.06289997579950324
0 0.23199657912033453 0.5793551810127469 0.0492787341605581 0.034647710772388506