0 0.6669682293125464 0.10245015517022574 0.16246473201781733 0.14344511452679148
0 0.15731251332750026 0.03941677489510928 0.12912497334499945 0.07883354979021856
0 0.5430489239735922 0.15320993961310464 0.11050224267981754 0.10516294191141169
0 0.2321483339831371 0.10651807406062792 0.124419292011454 0.09372853444287887
0 0.2768052112905929 0.2935910989557372 0.09144316000954503 0.07717965186945541
0 0.4014870379535476 0.31146291534269527 0.10101815467854483 0.0950775468904335
0 0.5399586446133207 0.3517066391981862 0.09478633601209037 0.09616645020978147
0 0.5309007232654577 0.45932988504900124 0.07414657200827239 0.06650226099766207
0 0.7474256992759573 0.36564704956650396 0.15301700668363552 0.13648471950581334
0 0.5886035879217308 0.5314524161678879 0.03650112133990877 0.05116068091374952
0 0.6671922119271396 0.4856887076597367 0.0709852093411815 0.06314046265733601
0 0.7838433625875492 0.5229025198975099 0.031613626670908876 0.03361798340326043
0 0.5971069785964578 0.47148542031707275 0.04414998933799978 0.037690176764564674
0 0.6258848645767314 0.6144891364988938 0.04736589600572714 0.04573947510489074
0 0.6546643925843674 0.5561079514359595 0.10539657200827239 0.06887024440092268
0 0.4609091333147736 0.10167259563174491 0.0504727146721816 0.044413773445216756