0 0.7271016683659844 0.9215379682065048 0.1530288893989354 0.14441916394474283
0 0.6239449753335066 0.8556900854755292 0.08447033697334128 0.10312474212409235
0 0.49550162669123576 0.6892204494105736 0.07085437606301603 0.06941942182065049
0 0.3698957198734948 0.6906079930421761 0.07672173879011232 0.06524210485118864
0 0.31291175154630374 0.8481496839486219 0.11549719636645772 0.08392820303441724
0 0.22600142503394416 0.9147794613693673 0.08335437606301595 0.0704397878817268
0 0.5277236795758721 0.8462835213810053 0.08695760818516848 0.09556733363936125
0 0.8266720072961796 0.6867639686655468 0.11690019970043757 0.10111570303441741
0 0.7596124398676757 0.568763525633069 0.06460437606301603 0.06890923879011232
0 0.6289204203228385 0.5743921591129507 0.07385183030538141 0.06811201333591957
0 0.8692266848667061 0.5521017973039383 0.051371052425594144 0.03989141848667046