0 0.8757282704880638 0.3734205165300687 0.132059041958086 0.1421173776591667
0 0.8153498275714602 0.4709326025861104 0.09574883723582168 0.07721842306201392
0 0.652691267168414 0.5817642658644786 0.06444429508134401 0.06711607123840295
0 0.6581241766129426 0.7097801630909369 0.05823065651766228 0.07322060087368065
0 0.8179491493873836 0.7834144187905201 0.0740738251355733 0.11108427678548623
0 0.8880485468298598 0.8794523109829854 0.06293633723582168 0.07645470364722229
0 0.8096588846548567 0.5671718229508327 0.08797269867214012 0.08328658510611113
0 0.637460135145836 0.24691714038951335 0.0912613251355733 0.11148432028847229
0 0.522925457354543 0.30271515834128426 0.06283634328594587 0.05926720364722229
0 0.5322873426967707 0.4345463865897912 0.06132838544042354 0.06860583605604162
0 0.5011726563212707 0.18992487082222181 0.034647710772388506 0.04767508700597225