0 0.16090490341186198 0.4076194054371616 0.1257557508107789 0.1349671095770768
0 0.22979917938644429 0.4900967146899268 0.09187958279171564 0.07345686525911965
0 0.39559572889997696 0.5727024833576133 0.06043866801906326 0.06197389448011279
0 0.405228053170276 0.6924382848997408 0.055887535713814884 0.06970457386326193
0 0.2645291408332555 0.7837609399331604 0.07055005357072242 0.10432503571381488
0 0.21120749757095858 0.8836421631477993 0.06062958279171564 0.07291139448011279
0 0.24698095089679972 0.580267747157331 0.08412162986961631 0.07644549756436803
0 0.3690737337679456 0.2565183758091313 0.08771028003177203 0.10306254464226869
0 0.48333110268051327 0.2921167309219812 0.06030230032431163 0.054161394480112965
0 0.48974296956448615 0.4172667353862082 0.058930715096963834 0.06507162094116267
0 0.4891192268680868 0.18437241476935712 0.03204093262956 0.045857970779006774