0 0.9137975815907297 0.39140625 0.13506859707395832 0.1640625
0 0.7996546139788896 0.925 0.098512848023889 0.1375
0 0.8199404384483338 0.4875 0.09945709897381967 0.1109375
0 0.7501429636182992 0.81171875 0.08419577488562524 0.1265625
0 0.5916193359591325 0.68046875 0.07089568787965277 0.0921875
0 0.619832642095556 0.55 0.08986389342673622 0.1015625
0 0.6319118019554517 0.39765625 0.08968205547083344 0.09375
0 0.5270599945847573 0.35703125 0.06264677678548622 0.0734375
0 0.6934629785328473 0.1890625 0.12696515634451408 0.1515625
0 0.47965635809187523 0.2671875 0.05083645459715278 0.0359375
0 0.5510033748093752 0.2109375 0.0578865416031249 0.0703125
0 0.5596854309457987 0.08046875 0.03201371941479163 0.0328125
0 0.5402672029816322 0.28671875 0.033867160144236054 0.0453125
0 0.41539252991961817 0.19140625 0.04331489532659738 0.0484375
0 0.480999346124028 0.190625 0.05875936379145834 0.1078125
0 0.8395281994662505 0.590625 0.040226262917777686 0.05