0 0.4281360453411587 0.12212242326518745 0.15293464947960161 0.11989862602253201
0 0.915124790252776 0.18776151431877897 0.12637879353213605 0.08948370031656916
0 0.5237185402527761 0.19915027302776062 0.10450379353213642 0.08884720282385157
0 0.8200070420617983 0.23904052098269654 0.11626680913596843 0.07514841567683303
0 0.7199328782215598 0.3898337943396616 0.08600609905006032 0.06334709765100204
0 0.6008995952048731 0.372953834389674 0.09471935775648763 0.08076191818411553
0 0.46471643373948385 0.3722217116658472 0.08846935775648763 0.08058006175762485
0 0.4384615502023987 0.4684434937983008 0.06997166327441154 0.0550799565847754
0 0.27245701266315614 0.33165185062050295 0.14018898801421234 0.11484741316955054
0 0.36431472127872644 0.5167649850228122 0.035187227498762755 0.04626724623907634
0 0.306433622228666 0.457418728754606 0.06660100180902226 0.05030152837152997
0 0.1899045414959714 0.4584620546979957 0.03116146879233552 0.02898881802583091
0 0.37629242084918507 0.4616455760098967 0.04374335594746528 0.03091503087881229
0 0.3042270703287867 0.5795437813410308 0.04423467887824373 0.04029003087881229
0 0.295687552011421 0.5211091557142102 0.09801477611928178 0.054335810503983596
0 0.6131971200809595 0.17463835484364507 0.04719590456798421 0.03725595909205772