0 0.39101811993027064 0.061189222517397134 0.15481817599857095 0.12237844503479427
0 0.4886140217915266 0.12215238992841418 0.08522694183801285 0.10611276308359248
0 0.593022288387273 0.302766082120611 0.07177644703379293 0.0695382262518895
0 0.7281621128929052 0.305877129616832 0.07926116510280767 0.06530575256024881
0 0.8194705378830699 0.1421037849773259 0.11941627153942491 0.08320588410204496
0 0.9254202531020932 0.07553166402946052 0.08572968639013112 0.06879477360693617
0 0.5899797798372983 0.13585930318141584 0.08914961733238051 0.095448278868608
0 0.23776670583586917 0.2928645212584489 0.12061813861970413 0.10039338410204497
0 0.28656982861613145 0.4186688870858168 0.06552644703379285 0.0691742052052021
0 0.4277411318344401 0.4182909135353503 0.07479218639013112 0.06815773677523325
0 0.16596775151260929 0.432753044865385 0.05251299480421991 0.038849668373499215