0 0.05234375 0.85859375 0.1 0.15625
0 0.36953125 0.7984375 0.071875 0.1125
0 0.4 0.7046875 0.0796875 0.0625
0 0.59140625 0.696875 0.0984375 0.0703125
0 0.45078125 0.59609375 0.05625 0.0671875
0 0.53984375 0.59375 0.078125 0.0484375
0 0.5578125 0.52734375 0.053125 0.0375
0 0.24140625 0.6875 0.0546875 0.0703125
0 0.2578125 0.778125 0.0359375 0.0390625
0 0.146875 0.74609375 0.0609375 0.0625
0 0.68125 0.5375 0.040625 0.0484375
0 0.76015625 0.578125 0.0734375 0.078125
0 0.68828125 0.61875 0.09375 0.1
0 0.775 0.65859375 0.0640625 0.0859375
0 0.83359375 0.55703125 0.0421875 0.0546875
0 0.36953125 0.4328125 0.05 0.0546875
0 0.32265625 0.47421875 0.053125 0.0484375
0 0.88515625 0.5203125 0.04375 0.04375
0 0.67734375 0.46015625 0.071875 0.0875
0 0.21484375 0.35390625 0.0484375 0.0390625
0 0.16796875 0.3875 0.0375 0.0453125
0 0.30625 0.3796875 0.0390625 0.03125
0 0.2890625 0.421875 0.053125 0.046875
0 0.3703125 0.38671875 0.0390625 0.0328125
0 0.7640625 0.36796875 0.040625 0.0390625
0 0.71484375 0.38671875 0.0515625 0.04375
0 0.48203125 0.26484375 0.190625 0.134375
0 0.44765625 0.36484375 0.046875 0.059375
0 0.771875 0.20625 0.040625 0.0484375
0 0.7421875 0.22265625 0.0203125 0.0359375
0 0.8375 0.2 0.053125 0.0546875
0 0.88125 0.340625 0.0328125 0.046875
0 0.89453125 0.39375 0.034375 0.0328125
0 0.8421875 0.4640625 0.03125 0.0359375
0 0.896875 0.4671875 0.0359375 0.0390625
0 0.93203125 0.50234375 0.021875 0.028125
0 0.9515625 0.55 0.0421875 0.0265625
0 0.7328125 0.31328125 0.025 0.0234375
0 0.66875 0.20546875 0.0359375 0.0296875
0 0.88046875 0.62890625 0.115625 0.0484375
0 0.33515625 0.5859375 0.059375 0.0796875
0 0.209375 0.55546875 0.04375 0.0484375
0 0.14140625 0.59921875 0.040625 0.0484375
0 0.0265625 0.61328125 0.0484375 0.053125
0 0.12578125 0.24765625 0.046875 0.046875
0 0.9890625 0.48828125 0.021875 0.0375
0 0.9953125 0.409375 0.009375 0.0234375
0 0.2609375 0.29375 0.028125 0.025
0 0.52421875 0.7296875 0.0375 0.0546875