0 0.21969753196730113 0.6939414184215191 0.16404103444287887 0.12433744554888211
0 0.32394640146847004 0.6578453580184729 0.11188653859206373 0.11622496369925486
0 0.3134429188904022 0.43678796945479137 0.12928752614450917 0.13975336729005097
0 0.44348838424703063 0.5968492915653025 0.10530465186945541 0.09119769262201594
0 0.43729573860135257 0.4945146319243821 0.09242614357108554 0.10674087939029935
0 0.5121414506339887 0.4723038095192834 0.06830155933798814 0.07692611436318479
0 0.3612366043775439 0.8407942134046671 0.10842965186945541 0.09121587334017534
0 0.2544062639206691 0.8222118641667929 0.0635189709557058 0.05503293364502539
0 0.30373360292765134 0.937291963502863 0.09559776514684701 0.06615224082661797
0 0.48658257573423497 0.33081120110802703 0.07528526514684693 0.06603406615858276
0 0.43127792386477964 0.23990439997655888 0.12594903859206372 0.11630677693097136
0 0.3922997794685014 0.32323452956324994 0.1610111228251613 0.14618517447164336
0 0.3371843817482309 0.22451977361132164 0.12992614357108562 0.10695904800821018
0 0.44826266909089474 0.15488450536275317 0.08333456348717298 0.0692045179539809
0 0.6410397357015676 0.6893645653730159 0.0872883576783142 0.08016019867214012
0 0.5983087066572733 0.7437793546006274 0.0826008576783142 0.0801329275949012
0 0.4842701014545369 0.09418335469882322 0.07059776514684693 0.06600679508134392
0 0.576663124074561 0.3344588967551051 0.13700493776222694 0.11793290944452864
0 0.7490092915150708 0.8672582820973329 0.06794636182749905 0.07223861436318443
0 0.7156532624707765 0.9217276134794219 0.07024256763635801 0.06131929508134419
0 0.7097673475290666 0.7616077249157405 0.0576241684661948 0.05968407220870695
0 0.6621469863262675 0.7824151286047324 0.0794758576783142 0.08011474687674199
0 0.6947091873612414 0.6865531827612626 0.05762416846619498 0.05968407220870695
0 0.6735954784288831 0.23272420081343945 0.06555506763635784 0.06129202400410509
0 0.6568232981398333 0.28963273096586456 0.07431476099766207 0.07383747579950324
0 0.8222636570675474 0.556103134360269 0.2470455564382032 0.27163060206654455
0 0.7113979346619491 0.597627038147457 0.09017655933798814 0.07705337939029935
0 0.8593670350675788 0.22131049872345376 0.07504846680652086 0.06290906615858276
0 0.8432218168111654 0.25557641441449835 0.05127908008391273 0.03778180113146812
0 0.8590934253146723 0.1455610649802324 0.08740675684847724 0.08172269867214013
0 0.6914197506247 0.09695032727687256 0.06976897095570571 0.05506929508134397
0 0.6293574585081512 0.08175205327276747 0.05390717261537965 0.051853391490547775
0 0.5544059253146723 0.14378844495970697 0.05667697510489056 0.047184072208707
0 0.5440828093379881 0.0796941287029283 0.06363737012586874 0.056595433645025464
0 0.5004386304988311 0.03961402936685825 0.04502908008391256 0.03774543969514967
0 0.44306383838228236 0.024443026439992008 0.04862767676456468 0.04401362041330891
0 0.7402627601724696 0.26747190553570377 0.03877908008391255 0.03770907825883123
0 0.8707683215850501 0.3408553842620732 0.05090057178554304 0.05339771077238851
0 0.359862097305352 0.10126862597245379 0.10992221950581334 0.15213519262201594
0 0.4676740132959692 0.7305248547970191 0.12152164772027056 0.09910109621281205
0 0.5169663861211304 0.8760600685944697 0.07540366431700996 0.06759656615858275
0 0.47366759462928165 0.9538987222834617 0.07528526514684693 0.06603406615858276
0 0.8808055884055044 0.9659171936926656 0.07732136182749941 0.0681656126146688
0 0.8128340705593649 0.812966212717296 0.04214087842423879 0.040852258976990186
0 0.28186287739855337 0.5146948008368806 0.08297936597668398 0.0645170179539809