0 0.7478123451135256 0.971470783750082 0.16047831411407215 0.05705843249983609
0 0.4653818933881556 0.8597123721320022 0.12400521857321785 0.14617065027015244
0 0.47878846554799936 0.7575868769413255 0.11124313861970414 0.0974057680561673
0 0.30071237805291695 0.6722693919174499 0.13577324505632138 0.11384922359113006
0 0.4780996867191073 0.6330407447273404 0.08914961733238069 0.0935168762235353
0 0.3954564315233272 0.5941295229503087 0.10390053218308673 0.08156251324684387
0 0.4074044104881052 0.5240625596107977 0.07446440445914604 0.061830366604888456
0 0.6359400478473016 0.8061484064302382 0.08925887797604233 0.09507937622353531
0 0.5802584943768914 0.8856523679556509 0.05382412252816078 0.05643353847458741
0 0.6990795501930901 0.8999827411839615 0.09205609604505724 0.0905010036281972
0 0.28653453561415604 0.48303327712666 0.06385468639013112 0.06613592068857255
0 0.19436346110852387 0.490778800540305 0.11222648441265974 0.1114682680561673
0 0.24368076407473102 0.5582862482707195 0.14242743664223267 0.1421379146981227
0 0.14480622150008407 0.5610987350238755 0.10641352698730669 0.11750001324684405
0 0.1344146607402068 0.4409127205959053 0.06763525025210156 0.07562004809323426
0 0.6261215594993695 0.5097719142347866 0.07879127153942492 0.07912699400955034
0 0.6525476656838853 0.5686484064302382 0.07835422896477802 0.07287699400955035
0 0.10157466359019837 0.3841617235911302 0.06519866510280767 0.0630654843909034
0 0.3237010358662576 0.4107143330244426 0.1161163089182919 0.12251489546082901
0 0.8079560675451413 0.4965427718540004 0.06810514381548423 0.060049611795565026
0 0.8372175966261348 0.5484698596029485 0.06040190445914604 0.061339293283910835
0 0.7101195010852808 0.4845115086071566 0.056512079953513705 0.050292665879248945
0 0.7068416817754287 0.5313865086071565 0.07657320767745457 0.06969743030721923
0 0.6464229878437291 0.465840864960426 0.056512079953513705 0.05029266587924912
0 0.28300461607187294 0.2871205764010206 0.06007412252816078 0.05665179328391083
0 0.3210619909458221 0.32525798266162287 0.07322968639013112 0.06646330290255768
0 0.594286323497226 0.3042560350160263 0.2615159262506726 0.21799606496827514
0 0.5827864587627354 0.4127133757601992 0.07733803218308673 0.0806349303072194
0 0.3472742017253699 0.1296007422802697 0.06229218639013112 0.06608135698624165
0 0.3672371404612895 0.15770838411290167 0.03743429802252862 0.04495040145127884
0 0.2869047842767737 0.09694944418703547 0.078791271539425 0.07912699400955023
0 0.18474171471482012 0.21398812204718412 0.05426116510280767 0.06268353847458741
0 0.14870602572679892 0.2589360342982362 0.05015281930985207 0.048511911069925695
0 0.1675327993599109 0.34809030353552983 0.048699579953513795 0.050019847367594836
0 0.11410179676202085 0.3282118239539499 0.055386622528160734 0.05648810217691817
0 0.06497052807258744 0.3476413810328588 0.03710651609154336 0.040262901451278844
0 0.027142200174323304 0.38623016587924913 0.05428440034864661 0.04404266587924912
0 0.336626642807078 0.24826889672677338 0.03510697351689647 0.033958337748947895
0 0.44465194627748816 0.1705928192294445 0.05149679802252862 0.04544147477225655
0 0.06548093940461079 0.4899652902886859 0.13096187880922158 0.09855160580511538
0 0.5921568328803799 0.6706994905509892 0.09794546312533611 0.10785219473518967
0 0.7237674658001009 0.692524905249112 0.06552644703379293 0.06775298439090349
0 0.7690146278008154 0.7622396937236993 0.06396394703379293 0.06769842068857254
0 0.8706592552726548 0.8206102436310321 0.07065098960843982 0.0741666754978958
0 0.9385994161880884 0.43140389989163436 0.07021394703379294 0.06791667549789597
0 0.019772642554976468 0.31082093811176764 0.03765281930985205 0.048075401451278844
0 0.046329424738063216 0.23343254809323422 0.02227919158591123 0.028834328130301134
0 0.7905443284409045 0.4207515981702031 0.04012225544788155 0.03880952885594056
0 0.34984936455926363 0.7311558077966991 0.06429172896477801 0.07238592068857255