0 0.14197689984171544 0.07183022365499821 0.20042120031656913 0.13679329544054103
0 0.2410616060307793 0.16468241971559477 0.07677310015828454 0.06662066016782515
0 0.43343096245727003 0.17299551764564672 0.06900606426490725 0.06759116431701004
0 0.33688491989997515 0.2619853174358653 0.0851766335443794 0.08752515601864026
0 0.4684077045397112 0.2625558477295593 0.08425063103709682 0.10928175684847723
0 0.6341152725655422 0.2453594601817583 0.06431856426490726 0.06723596680652096
0 0.6714956006205031 0.3061319394358339 0.07915395407749273 0.09486405933798814
0 0.6171430697416905 0.3442938676502911 0.06307431301126591 0.07805506763635792
0 0.630941145289369 0.38135615976683984 0.09013691818411544 0.09725535352912935
0 0.5297052542231422 0.38934441329132474 0.054807171945039104 0.06183807178554277
0 0.42405464779665136 0.38760246930532066 0.10617109514371972 0.11250184523075957
0 0.35954586691783896 0.4249948029137182 0.041897994985435096 0.04682837842423861
0 0.3004520117449895 0.43774233403260476 0.08393238229073816 0.09834425684847722
0 0.21031875673042455 0.3870659825780679 0.1259834899708702 0.09685353444287888
0 0.2116562847062431 0.4756432305034754 0.04482441818411553 0.09382177759440165
0 0.256834740895307 0.5644106551934477 0.0780628155185485 0.05736405933798814
0 0.40258516158670493 0.5065533788484459 0.09772209765100222 0.0900348493799445
0 0.5390682308661772 0.49810410665262894 0.09262542069139812 0.07561715186945542
0 0.5735629028112162 0.44277798922605244 0.05489810015828454 0.06496307178554268
0 0.615082813077773 0.44200931723537257 0.05788670783841639 0.06051237012586874
0 0.7418689704413358 0.5784581479439851 0.20360368778015675 0.24616829544054114
0 0.395814672869476 0.6046948809230384 0.08742109514371962 0.11108105518880329
0 0.44531456769662653 0.625671154368255 0.07217652837152996 0.06939046265733602
0 0.30120085484364506 0.6272784307132568 0.11552937476889084 0.16621884108157464
0 0.19400681730091512 0.7593078354824974 0.1656203029821362 0.17313261452679143
0 0.325202993006878 0.7441941661911098 0.12671091567683304 0.12185353444287869
0 0.43103545585985953 0.7396861101771139 0.05623327962517131 0.05726897095570589
0 0.5408507250601893 0.7597520016736071 0.08778480799670092 0.12358105518880329
0 0.6098220339148203 0.8111737143309432 0.0755288489046432 0.07743976099766207
0 0.6073131478631584 0.8704895147458617 0.07075042069139811 0.07395956348717299
0 0.6559923402621687 0.8389444394358339 0.09004598997087002 0.09413035352912935
0 0.7691144658889894 0.8529971292726533 0.05806856426490725 0.0667623701258691
0 0.7787107747436203 0.8999196734637943 0.1125574874635877 0.11766294191141177
0 0.7803665514657976 0.9534395729346963 0.09609741316955045 0.09312085413060736
0 0.6434970372800326 0.9847299055057978 0.06721624373179384 0.030540188988404538
0 0.5747470372800325 0.9865049704428632 0.041761602665567034 0.026990059114273636
0 0.4914320835982512 0.9243463753239609 0.05743206677218957 0.04488737012586874
0 0.43257390914592947 0.9559031060279292 0.04244356426490725 0.06557837842423879
0 0.410909509304214 0.8931896184754837 0.05935827962517113 0.05750576929603213
0 0.39117132231548 0.8180945300932013 0.08039820533113406 0.08404495850815116
0 0.32063986196978106 0.833850337969686 0.23183163935036716 0.332299324060628
0 0.016934818092337944 0.9147495842330976 0.03386963618467589 0.07637416846619516
0 0.3979428448810222 0.9999503185734078 0.052380853919208194 0.00009936285318445925
0 0.45848553978731504 0.9920732525990459 0.05279003087881229 0.01585349480190814
0 0.4864885193333439 0.9797687957528911 0.056142351411925875 0.04046240849421778
0 0.8049877137109112 0.2121120201444464 0.1226766335443795 0.09036673610255282
0 0.8917780422280904 0.5550617338274677 0.2136251409332129 0.8898765323450645