0 0.7810927219525932 0.4087143330069195 0.12292951734563573 0.09986013527271584
0 0.6915665979471843 0.44180933030762726 0.07745338534372692 0.08236405933798814
0 0.6956257472549582 0.6305641769882793 0.09658519334818116 0.11659734937994451
0 0.5885592292727755 0.4910854346619491 0.08681020401018139 0.08151195435896633
0 0.5906024399268215 0.5842909830022751 0.07452838001272663 0.09931476099766208
0 0.528674604591049 0.5975829657808357 0.053761346674090583 0.05871307178554286
0 0.5436536199077315 0.7214824070675474 0.053688621339908774 0.05246307178554286
0 0.4732502132400043 0.7239669444102115 0.06942270934118148 0.06302206348717299
0 0.5842144378978683 0.7972762350768676 0.060211341343090474 0.0763741684661948
0 0.7787398812858204 0.4093179842516751 0.11362724267981754 0.10539974025173784
0 0.8283699006604094 0.1089045097714842 0.15576019867918128 0.1039090178461394
0 0.7242812899825009 0.18390266454072463 0.06164657200827239 0.06555506763635792
0 0.6613625719685015 0.2823508973192852 0.0928965720082724 0.06792305103961845
0 0.5288773359723195 0.24416196785542815 0.06627952800763595 0.06122276514684701
0 0.4625790792886839 0.3642484022936626 0.05056362133990895 0.0522262734452168
0 0.40055179396086543 0.3188874354871417 0.047420440006363404 0.050426975104890734
0 0.33098472863622863 0.2494969728298056 0.0520715773392725 0.04765717261537983
0 0.3565210779758193 0.205297609552414 0.0598477146721816 0.04512416846619498
0 0.6707968278962776 0.8155661390209155 0.0851931600095451 0.07670605518880329
0 0.6289462299093224 0.7162164118414323 0.09620338534372674 0.0837848493799445
0 0.6476673158816417 0.9217210506386332 0.08573860001590852 0.12358105518880329
0 0.5692519618873688 0.8735543925454003 0.05681362133990877 0.052699870125869096
0 0.21659058589277763 0.806952430088557 0.0598840773392725 0.0482491684661948
0 0.2172712912158236 0.88285207925872 0.07431020401018137 0.08056476099766208
0 0.37532978656114124 0.8064699458601039 0.045876121339908774 0.05187107593472753
0 0.3567423238781419 0.9254800549883108 0.05049089600572696 0.04597627344521697
0 0.5342224338797328 0.927199610801814 0.03955339600572714 0.045147479254075765
0 0.22252788598027365 0.16230278091839395 0.07576361600890866 0.07130816016782515
0 0.23129162193668473 0.48434372427969813 0.08235906134627209 0.10146925684847723