0 0.8301582475610727 0.6166305135658936 0.12663641233702022 0.10176036397194572
0 0.7306531254020942 0.5938660371631617 0.08266822402541774 0.08645673658176456
0 0.6836439374975285 0.4043436597729807 0.10352619480442442 0.11900842072720579
0 0.6153048149315129 0.5576002652639366 0.09042617694751698 0.08383238433001132
0 0.5910257893639677 0.46317963679402147 0.0766636858759707 0.10011871838316751
0 0.5261547658250173 0.45746176048357456 0.05569662094116268 0.061317034237726276
0 0.50756663270899 0.33141040021225676 0.057122753246410876 0.05360466378737554
0 0.4351012974816425 0.33769187615356333 0.07134889448011297 0.06388082973421945
0 0.5279961351446221 0.24999971390734724 0.06378185633066594 0.07744268198597286
0 0.8278008607915975 0.6156990692414196 0.11896028003177221 0.10907221622369896
0 0.9406030495102374 0.9238899059154694 0.1187939009795251 0.13038601172019212
0 0.8342220048646733 0.8494430135658936 0.06518071509696384 0.06816781153562204
0 0.7436730969918799 0.7585793792358823 0.09484094155801355 0.0685077729789592
0 0.6205452885498934 0.8131190800387612 0.06822389448011279 0.06368057063492075
0 0.5226105746707456 0.701492362735328 0.05402502678536116 0.054966904688076926
0 0.47281117207295775 0.7544881523717251 0.05087275324641087 0.053204145588778215
0 0.42110439609837547 0.8323337476836482 0.053943206168510116 0.05027940468807692
0 0.45928623457213397 0.8737993568752319 0.06323638555165907 0.046192681985972685
0 0.6094273672877146 0.2208815152639366 0.09034435633066593 0.07914488433001132
0 0.5933132179363377 0.32598002544296945 0.09667617694751698 0.08423290252860856
0 0.5568869740254176 0.11684605490033366 0.08962733603812652 0.12748225478036196
0 0.4915716655834313 0.17509054904023752 0.06024775324641087 0.053804922886674246
0 0.15560866639421017 0.2862250015411595 0.06172843262955983 0.04921755243632351
0 0.136344423294069 0.2108547617201923 0.07792617694751698 0.08303134793281668
0 0.3160279691541537 0.2668508451550396 0.049310253246410876 0.053104016039128954
0 0.26405063758025404 0.15036544956626127 0.05232615909060954 0.04705427513842757
0 0.4423295961843962 0.12589278300110857 0.03979888555165907 0.04469073874123301
0 0.3370487702859489 0.9346391224529356 0.07776253571381489 0.07365634793281686
0 0.25800655803165407 0.6088392836194174 0.08450345941492107 0.10218186613141392