0 0.005483596775793588 0.75982232103257 0.010967193551587175 0.17901964206513998
0 0.26791920678615355 0.7903567733951746 0.10284251778268025 0.1337673262236546
0 0.32426556017697566 0.7074679496611816 0.09746150496239876 0.08514781570031112
0 0.513216744213541 0.7545080915851472 0.11835620181924575 0.09883088410204514
0 0.40374119851398593 0.6157424522214303 0.07402400496239867 0.08378273677523325
0 0.4911855405322685 0.6388529995058898 0.09219180810555194 0.07237479991529554
0 0.526836250209397 0.5798266100009986 0.06319351282028159 0.0519867052052021
0 0.17361489681857484 0.6454244340173403 0.07416955417661045 0.08690773677523325
0 0.1645609203922234 0.7389014182323248 0.047568512820281586 0.05107665258848364
0 0.0649098308551401 0.6751280735928187 0.07856595574818703 0.08093075256024881
0 0.6453657723353035 0.625115265149731 0.054255160462916764 0.06081567363517095
0 0.7106418618723868 0.6868864940324565 0.09499147642635145 0.09902830517696729
0 0.6298263554622461 0.7064639756871921 0.12122864474715093 0.1270468893637169
0 0.7044410576957764 0.7695624861399486 0.08903257485477489 0.10491428413027978
0 0.7889851856937042 0.686749257116049 0.05767125889134021 0.06724768415851479
0 0.3683602783311595 0.43350680489461857 0.06399403349844608 0.0691742052052021
0 0.31069117349259534 0.460699365474432 0.06533820967712849 0.06457771046687384
0 0.8494518048002921 0.6667699570595792 0.055599336641598995 0.05621917889684287
0 0.6630670026905964 0.5478093125047777 0.09542812406898663 0.10840330517696728
0 0.2385165746498871 0.31157234976000364 0.06021406203449331 0.054929694681858446
0 0.18355509284685217 0.33108891823232484 0.050984611248705035 0.0575086631118273
0 0.3214895864367114 0.3634071365211194 0.0486943651776464 0.04179265785015547
0 0.29314410856261786 0.40014129707269797 0.06519266046291676 0.06145271046687384
0 0.3814446292407824 0.38805009172632154 0.04883991439185813 0.044917657850155376
0 0.7726646346174657 0.48212267029846345 0.05069351282028158 0.05125866311182729
0 0.7191757615819365 0.48684099140162057 0.06348461124870504 0.0582367052052021
0 0.5257276302742395 0.30088256264595203 0.2286088052100677 0.1909567418957307
0 0.46365781575854703 0.3889216179640936 0.06257708271265763 0.07220819994353027
0 0.8253273699351574 0.326949322886947 0.054255160462916764 0.06081567363517104
0 0.7912969722925223 0.3343677097610023 0.030017139784752445 0.04226309471009326
0 0.8913333595960751 0.3394107965080006 0.06719180810555159 0.07091871572854576
0 0.8952844973139129 0.4900478333397036 0.046224336641598994 0.0556731473268119
0 0.893482248761655 0.5455620859705395 0.04251713978475209 0.04299113680346807
0 0.8228572256022911 0.598634607087814 0.04110018899896417 0.04602513154179633
0 0.8760357295312324 0.6173992886154929 0.047568512820281586 0.05107665258848364
0 0.9005969278358215 0.6619151280639143 0.029653266749222952 0.03445059471009326
0 0.9060078658013282 0.7139326543722735 0.05018409057054072 0.04032116311182747
0 0.7575340942945943 0.4201386097892371 0.030997442927905537 0.02985409997176518
0 0.7241116263452982 0.29676972824744097 0.045569365177646405 0.041610647326811724
0 0.8155968815170939 0.77133635971865 0.12849318114108108 0.08228042093374785
0 0.29291501447742063 0.5732525733810572 0.08085620181924558 0.09664675782192056
0 0.17849294954744319 0.5070521787556685 0.05581766046291672 0.06090667889684287
0 0.09983925661953777 0.530672418302912 0.05581766046291672 0.06090667889684287
0 0.006870622416356746 0.5096403105092262 0.013741244832713492 0.06615562101845249
0 0.1802760432183557 0.1828411340314578 0.06050516046291672 0.061179694681858396
0 0.9553935897464803 0.6627565622224291 0.020569365177646404 0.04015456314006229
0 0.3001475874701687 0.2665930497035339 0.034267992142117176 0.033161110495108836
0 0.4389787235353765 0.7674183442865703 0.05134848428423418 0.06532116311182748