0 0.1203125 0.92265625 0.125 0.1546875
0 0.4234375 0.81640625 0.0890625 0.121875
0 0.43671875 0.71875 0.0890625 0.075
0 0.62421875 0.678125 0.1078125 0.0859375
0 0.46796875 0.603125 0.0671875 0.0765625
0 0.55546875 0.58515625 0.084375 0.0609375
0 0.56171875 0.5171875 0.059375 0.046875
0 0.278125 0.7296875 0.0671875 0.078125
0 0.31015625 0.815625 0.040625 0.0453125
0 0.1953125 0.80390625 0.0703125 0.071875
0 0.68515625 0.50546875 0.0484375 0.0546875
0 0.76953125 0.53203125 0.0859375 0.0890625
0 0.70625 0.584375 0.109375 0.1140625
0 0.7984375 0.60859375 0.078125 0.0953125
0 0.83828125 0.4984375 0.05 0.0609375
0 0.36015625 0.45625 0.059375 0.0625
0 0.32109375 0.50546875 0.0609375 0.05625
0 0.8828125 0.453125 0.05 0.05
0 0.66796875 0.4296875 0.0859375 0.0984375
0 0.19375 0.40546875 0.0546875 0.046875
0 0.153125 0.446875 0.0453125 0.05
0 0.28828125 0.41484375 0.0453125 0.0390625
0 0.27890625 0.459375 0.0609375 0.0546875
0 0.35234375 0.4109375 0.0453125 0.0390625
0 0.7375 0.32421875 0.046875 0.0453125
0 0.6921875 0.35078125 0.0578125 0.0515625
0 0.44140625 0.271875 0.2109375 0.1640625
0 0.425 0.37578125 0.05625 0.065625
0 0.71640625 0.16328125 0.046875 0.053125
0 0.690625 0.18515625 0.0265625 0.0375
0 0.78046875 0.14609375 0.0609375 0.0625
0 0.84765625 0.2765625 0.0390625 0.0515625
0 0.8703125 0.3265625 0.0390625 0.0375
0 0.83046875 0.40546875 0.0359375 0.040625
0 0.88515625 0.3984375 0.0421875 0.0453125
0 0.92578125 0.42734375 0.0265625 0.0328125
0 0.953125 0.47109375 0.0453125 0.0328125
0 0.696875 0.27578125 0.028125 0.0265625
0 0.61484375 0.18046875 0.040625 0.034375
0 0.896875 0.5609375 0.121875 0.0671875
0 0.35234375 0.61328125 0.071875 0.0890625
0 0.2234375 0.60546875 0.05 0.0546875
0 0.1640625 0.66015625 0.0484375 0.0546875
0 0.053125 0.69375 0.05625 0.0609375
0 0.0875 0.31640625 0.0546875 0.053125
0 0.9796875 0.40390625 0.0265625 0.040625
0 0.971875 0.325 0.0140625 0.025
0 0.22890625 0.33828125 0.03125 0.0296875
0 0.5640625 0.721875 0.046875 0.0609375