0 0.26843771551816037 0.75859375 0.107887848023889 0.1375
0 0.3264664614340978 0.6671875 0.09106271751493064 0.0859375
0 0.5312819012136117 0.70625 0.12601959897381948 0.1109375
0 0.4022275680073616 0.565625 0.08662979065319458 0.096875
0 0.5050259128971186 0.58515625 0.10665134992375017 0.084375
0 0.5332223416587156 0.52109375 0.06388196846486131 0.059375
0 0.6653997152338199 0.5609375 0.05610583605604162 0.0609375
0 0.6839302032659726 0.484375 0.06744337955902786 0.078125
0 0.7378390661075005 0.61875 0.08288654160312507 0.0703125
0 0.2707269141313895 0.75625 0.11391964247680572 0.128125
0 0.0433812045002436 0.65546875 0.057886541603125063 0.0703125
0 0.1578242577868755 0.6046875 0.07427526101791675 0.103125
0 0.14731990282913232 0.45546875 0.06733427678548617 0.0734375
0 0.2930493237069448 0.40625 0.05759560087368056 0.0578125
0 0.2585093631258683 0.33203125 0.054361498100138926 0.053125
0 0.19787902801975715 0.24453125 0.05447060087368065 0.0578125
0 0.1444273729095141 0.2640625 0.05156380642076393 0.0671875
0 0.7377319229651048 0.71484375 0.08350479065319441 0.096875
0 0.6401652855222922 0.6515625 0.08997299620027785 0.10625
0 0.8602427026003825 0.70859375 0.13354115824437507 0.0984375
0 0.8252663309251392 0.615625 0.057741071238402955 0.0640625
0 0.8333255655388196 0.2234375 0.05312630642076392 0.0671875
0 0.9157204914506252 0.2390625 0.08793771751493082 0.0859375
0 0.7959015667730907 0.39453125 0.05592399810013902 0.053125
0 0.9303129343642713 0.39609375 0.051309233282500345 0.05625
0 0.8925986480794798 0.58828125 0.047929660144236406 0.0453125
0 0.12838153276940983 0.11171875 0.07692748233256949 0.0828125
0 0.47763795678135423 0.18046875 0.10995818787965277 0.0921875