0 0.1698765493599109 0.3425334545258726 0.13457137797604232 0.09293290944452863
0 0.2585677087627354 0.39306978571157003 0.08213479282674854 0.0801329275949012
0 0.22448836766135677 0.589826611043535 0.10775750569998319 0.11151928298109545
0 0.35710376172894254 0.4592947494108248 0.09274451089576327 0.07550906010845856
0 0.3400094608564223 0.5584544120768073 0.08021165990702758 0.09730224687674198
0 0.4016518012014963 0.5822600716195317 0.05873014381548423 0.05813066256778647
0 0.3669658087430649 0.7094538306947181 0.05818384059717552 0.05031816256778665
0 0.4394199629501093 0.7239435775714602 0.07602690445914603 0.05979315651766228
0 0.3126664388127942 0.7818237343837102 0.06618201089576328 0.0753545240041051
0 0.17289228871624918 0.3441141352440319 0.12261768119435104 0.10067268657189174
0 0.17041640680493444 0.033035734678297755 0.16541718639013112 0.06499880698520062
0 0.26468022301269334 0.11564876765939329 0.0668704257464694 0.0628636143631847
0 0.31618845666904843 0.22849420130441875 0.09957366510280767 0.06149201190385671
0 0.45817921471482015 0.20978108362158437 0.07290190445914604 0.05977497579950315
0 0.5087751583944182 0.34684981244614965 0.054949579953513704 0.04873748184962743
0 0.5794207941641307 0.30896399306611305 0.05182457995351371 0.048719301131468204
0 0.6619708502324311 0.2461372610200939 0.056402819309851894 0.04718407220870704
0 0.6420296908296066 0.19600090563389966 0.063778276735205 0.040979524004105095
0 0.2199872659163164 0.7883186531980128 0.09419775025210156 0.07395565046753809
0 0.27994105614517484 0.6909714754067198 0.103791271539425 0.07713519262201593
0 0.22758160860717885 0.9032533067888089 0.09278806956195354 0.12080337939029917
0 0.3161959943768914 0.8654720265381879 0.06130884059717552 0.05033634328594587
0 0.6931244811353396 0.8512520078968361 0.06399679802252863 0.04410452400410492
0 0.6789584383085912 0.930889510921898 0.08202553218308672 0.07857042759490121
0 0.5277397817557583 0.8244980894753169 0.048699579953513705 0.048701120413308985
0 0.5288820286536652 0.9534634268093344 0.054621798022528624 0.044049981849627426
0 0.343856818630422 0.92815837889932 0.04201253737886681 0.04241475897699019
0 0.7890357308063635 0.1726275590283041 0.07958894703379293 0.06606133723582168
0 0.7287166817754287 0.509913935589933 0.08969592055068923 0.09891928903121965