0 0.929686952884723 0.8851022457285062 0.09655161094166687 0.18964568787965277
0 0.5965828589448966 0.8467366088543745 0.1318344943004167 0.16235714247680555
0 0.5557558775622576 0.7382526148382981 0.1211502610179167 0.10588893692972227
0 0.3298291571975353 0.7372577317638886 0.14342530452090294 0.12358558320625015
0 0.49029191888104223 0.6123635684855204 0.09455139342673621 0.10370818787965277
0 0.38558623508545187 0.6140189470946178 0.11137521751493065 0.088483231382639
0 0.3610934217308338 0.5356400271667358 0.07968880642076392 0.06900587955902786
0 0.7427103636945492 0.7104510038966313 0.09615026101791671 0.10530705547083344
0 0.7264515436904173 0.8179186649907979 0.05606946846486114 0.06064786569131968
0 0.8559929201153131 0.7750382211272215 0.09760365824437507 0.10065592306201392
0 0.21536334764263937 0.5546653969421179 0.06733427678548613 0.07496493882958344
0 0.1243214267648269 0.6060298348217708 0.1199878045209029 0.1230400693385418
0 0.2113499545002436 0.6509046173068401 0.15200152393569458 0.15657992116215294
0 0.11169609982684085 0.701687826937986 0.11228440729444458 0.127545731382639
0 0.042525912897118545 0.5844834495631597 0.059667247150208394 0.08103310087368065
0 0.578732903779063 0.41566844681027726 0.0831774823325695 0.08470361474138902
0 0.6368915491056601 0.46277852973218697 0.0830320119678472 0.07845361474138901
0 0.21714209355857678 0.4631682279641665 0.12176851006798621 0.13245143692972228
0 0.7577281131258683 0.3145748062333327 0.07496493882958344 0.06733427678548623
0 0.8148873029053822 0.3523280729508326 0.06406380642076392 0.06864220364722229
0 0.6498798987450698 0.3491336038203814 0.06064786569131932 0.05606946846486114
0 0.6736999116628475 0.3986062737482633 0.0830320119678472 0.07845361474138893
0 0.5751162880877434 0.36103549819704817 0.060647865691319504 0.05606946846486114
0 0.11072647976711836 0.35777417277767354 0.06548083605604171 0.06242857123840277
0 0.16904812604364614 0.3783035719039929 0.07976154160312507 0.07213087955902786
0 0.43745002108590303 0.22275686103857603 0.28194490349472245 0.23768706363895858
0 0.48394577422003504 0.33970731848552044 0.07859908510611113 0.08928201196784728
0 0.09300838364309041 0.16745829730270828 0.06726154160312506 0.0718399388295834
0 0.1293822947372571 0.18537184270555546 0.03862739532659729 0.04931032218833335
0 0.029805747718889285 0.4745635889058333 0.03873649810013894 0.05399782218833345
0 0.14435529093753496 0.291330901976111 0.03989895459715278 0.03684668977951393
0 0.21481064846072934 0.16149662519062483 0.055814895326597204 0.0497103656913195
0 0.03992954939000056 0.6744363023367013 0.05054682028847231 0.09175239532659737
0 0.6266833605604172 0.5951189042572217 0.10276393692972227 0.12107752583555573
0 0.7742116707809032 0.5526014830950687 0.07045927678548622 0.07503767401194458
0 0.8558441836986811 0.6007285521492701 0.06733427678548623 0.07496493882958326
0 0.9764320004265107 0.6095742624460062 0.047135999146978594 0.07932513050895836
0 0.8579073382402432 0.18561204521541597 0.07667290919430556 0.07362064437666671
0 0.7006410053183336 0.24633460572024246 0.04309668977951393 0.04004442496187508
0 0.411188913181459 0.7736660508180899 0.06904224715020835 0.08125130642076392