0 0.1256418091359686 0.08182356909549376 0.2105081320667471 0.09808604000775867
0 0.23101538387576942 0.14799031622055583 0.08485303482570909 0.07538237939699584
0 0.4304421737898611 0.15337867319777634 0.07728619629109837 0.07943215060882318
0 0.3397120324508599 0.24787835910325243 0.09849945499752559 0.09827774545807211
0 0.47573474163225704 0.24575736289627428 0.09964587516934209 0.12015274545807211
0 0.6450679177969674 0.22612987335725587 0.07399742198083885 0.0760520590935541
0 0.690367129691898 0.2889486088133883 0.09274077792830404 0.10714256242753403
0 0.6380543571906607 0.3297970072961796 0.07457063206674697 0.0869895590935541
0 0.6564258989137748 0.36863623775134224 0.10376016508343397 0.10959788273097573
0 0.551857907620202 0.3772143991110111 0.06281426051544958 0.07047173879011233
0 0.44371453697341573 0.3769437189554109 0.1216846494796016 0.12506338606495557
0 0.37968301447217845 0.4168355242559431 0.04785100180902226 0.05213632697140156
0 0.32046846675617063 0.4298937625870135 0.09759205223856364 0.11065019970043757
0 0.22290406999010243 0.37914472137130684 0.1396976650834339 0.11253143515657005
0 0.23234102498762804 0.47015235864421046 0.055077003618044615 0.10095646424430509
0 0.2877898428300239 0.5633600957673328 0.08765048620519007 0.06938747091226496
0 0.43311895296136066 0.5013219656214309 0.10968261646291495 0.10385806576151388
0 0.5733787827895441 0.4909898566873564 0.10261374491161739 0.08772288273097573
0 0.6022573773170488 0.43344829471886437 0.0645405348257091 0.07372428454774678
0 0.6457207722740945 0.43155082593263144 0.06421298620519007 0.06747428454774677
0 0.7908395997274289 0.5733073754832878 0.23686699344127932 0.2744890433417385
0 0.4361388116223594 0.6034743969849792 0.1029346494796016 0.12353283697334128
0 0.48934237675122183 0.6241534298657362 0.08353619629109836 0.07994233363936125
0 0.34102438545764907 0.6291603100116381 0.13713258706427264 0.1823337521260319
0 0.24395239088471604 0.7659272442501242 0.18754202283992144 0.19422771637033714
0 0.3776756156699454 0.7496162022855115 0.1441328595655099 0.13778652667183913
0 0.4863136312737776 0.744481905319929 0.06413109905006031 0.06591178454774678
0 0.601689647782121 0.7640127685060673 0.10515224672063965 0.13616038273097572
0 0.6783240688584486 0.8161649419937078 0.08542624491161739 0.0863198793969957
0 0.6815586114860739 0.8778836919937077 0.08057497060135788 0.082812242124092
0 0.7288120697629598 0.8444013833591957 0.10359639077317447 0.10647288273097573
0 0.8469855376507841 0.8579373380606029 0.06766553482570928 0.07397937606301568
0 0.8604205958822415 0.9064864083640447 0.12982469810012062 0.13195111485312835
0 0.8694514371303856 0.9544550178175044 0.11115658525525021 0.09108996436499125
0 0.7328455517842783 0.9885113468303487 0.07506859905006032 0.02297730633930257
0 0.6610933825169731 0.99201112531411 0.04596095318850324 0.015977749371780092
0 0.5671110091566531 0.9354414872923001 0.06331222749876275 0.05028678454774678
0 0.5097422444573321 0.9666526446294263 0.05195864767057934 0.06669471074114738
0 0.4815077018297069 0.9051165163800354 0.0670923247398008 0.06304187606301603
0 0.45401678765078424 0.8258595800155174 0.092085680687266 0.09464256242753386
0 0.38365670002068464 0.8297030886403312 0.2781271585247132 0.3405938227193378
0 0.5419273026887895 0.9977830221299111 0.05846095318850324 0.004433955740177709
0 0.5688649389394081 0.9839596381909874 0.06544793758467105 0.032080723618025074
0 0.8181878352552504 0.18969752109114113 0.13624511646291496 0.10602634364130097
0 0.8869644114653893 0.5362550750145475 0.22607117706922147 0.927489849970905