0 0.058449272195816915 0.13473746428618505 0.09905649710021495 0.19522277110331837
0 0.11210522323079095 0.22976754626712176 0.06998245850815117 0.07924321509696393
0 0.09158812322614655 0.4181578904229232 0.07239706348717304 0.0699227621748646
0 0.19310492426576498 0.32432034131642756 0.09268625269929238 0.09056254464226879
0 0.173121543142234 0.4541851193196048 0.11108105518880329 0.0862023271096728
0 0.13202017861544252 0.615627179790186 0.07059776514684701 0.06677048863591431
0 0.18531019936136692 0.6537078323879738 0.0997883576783142 0.08132391233702041
0 0.23068282156182823 0.6006413336057899 0.07985436597668398 0.0653716298696164
0 0.26705802944527945 0.6148305186709816 0.1021796518694554 0.0922886858759707
0 0.28791682633571297 0.5145986935899038 0.06519987012586892 0.057313668019063256
0 0.3027032219813911 0.41213221266462724 0.11586364357108563 0.10813187418757356
0 0.34890463837299357 0.3481282138824432 0.04850927759440164 0.042978432629559825
0 0.36885120808394395 0.2908242284929398 0.10350535352912935 0.08919095941492108
0 0.33419371078323634 0.20248447727512384 0.10322193361304191 0.12663641233702042
0 0.41911316244291025 0.20412306940233033 0.09417697510489073 0.04845686525911965
0 0.500776636923101 0.2487304115295368 0.0638508576783142 0.08069662094116259
0 0.4220335624382658 0.39210431047387656 0.09495914772027056 0.09996481818121898
0 0.3932196329744088 0.5252440929412806 0.0787421518694554 0.09187958279171564
0 0.33454244998606686 0.5582571903434929 0.06676237012586883 0.057340941558013725
0 0.32755782156182817 0.5989503741908688 0.06207487012586892 0.05725912094116268
0 0.4428490896084602 0.7248934910748416 0.25469119046151933 0.21042285145940198
0 0.5184233103636735 0.38652073782843066 0.11444285352912935 0.08938187418757337
0 0.5310999865035382 0.4354531156694521 0.07275226099766208 0.07461026217486459
0 0.5550371618182103 0.2945962905883742 0.1683733369323898 0.12153190097293472
0 0.6986114082937254 0.19144224269969462 0.1797378120372805 0.16854326866768635
0 0.6648023255105204 0.3184274825534249 0.12689623195336797 0.13017051542127547
0 0.6452692302797608 0.42175703409555243 0.06051237012586874 0.05723184740221221
0 0.6495404879534308 0.5301325957839497 0.12729805103961844 0.09428756249917605
0 0.6888621744662575 0.5981052999238651 0.07912066016782511 0.07628185633066593
0 0.7459526240513391 0.5963285657521776 0.07564046265733601 0.07153980925276535
0 0.708747699361367 0.64457119683961 0.09604805103961844 0.09374209172016937
0 0.7058693078648737 0.7546319894532838 0.06699916846619498 0.06046594155801355
0 0.7496309632588141 0.764010943593199 0.1228240385920639 0.11761596834337489
0 0.825838265748325 0.7673620401846324 0.1435150468904336 0.10237279788867948
0 0.867152195212182 0.6340040694056256 0.06290366431700996 0.06819662094116268
0 0.8723025591142737 0.5660353194056256 0.040578378424238795 0.0412795649348082
0 0.8169181647179954 0.4835188741941641 0.04644987012586874 0.056986385551659066
0 0.8563959844289457 0.42587396956778145 0.06593357593472789 0.04640344155801372
0 0.7986785728112281 0.4050353640478943 0.0576241684661948 0.06030230032431163
0 0.7284611611935105 0.38441494683961 0.08908765601864026 0.08425799756436803
0 0.766424025095602 0.3158734525216528 0.3665525730349426 0.24514449918592582
0 0.9566560935571523 0.4412886895360093 0.021331470955706068 0.05498750892845372
0 0.9276323670023693 0.39186143385396643 0.04633147095570607 0.055423885551659155
0 0.9028206985361743 0.45159098986032087 0.049338071785542684 0.05391593262955983
0 0.8765299630583214 0.4793574797140511 0.055943269296032126 0.058712526785361166
0 0.9357371744662576 0.5937960807697114 0.027226273445216977 0.05040910308425506
0 0.07403896740799895 0.7836056124197459 0.0984160344428789 0.12499209172016937
0 0.4543966991608743 0.8663542881527422 0.9087933983217485 0.2664186704481047