0 0.3859375 0.8 0.0765625 0.1125
0 0.41484375 0.70625 0.06875 0.06875
0 0.60078125 0.68984375 0.0984375 0.084375
0 0.4578125 0.59921875 0.065625 0.078125
0 0.55078125 0.590625 0.0859375 0.0625
0 0.5609375 0.528125 0.05 0.046875
0 0.68359375 0.5296875 0.0421875 0.0484375
0 0.6828125 0.45859375 0.05 0.0625
0 0.76015625 0.56171875 0.065625 0.0515625
0 0.38671875 0.79765625 0.084375 0.103125
0 0.0796875 0.88125 0.1 0.14375
0 0.16171875 0.76796875 0.0546875 0.0546875
0 0.25546875 0.69375 0.05 0.0859375
0 0.21171875 0.56640625 0.05 0.059375
0 0.3265625 0.4875 0.04375 0.0453125
0 0.2796875 0.43125 0.0421875 0.0421875
0 0.2078125 0.36953125 0.0390625 0.046875
0 0.165625 0.4 0.034375 0.05625
0 0.78203125 0.6453125 0.0609375 0.078125
0 0.6828125 0.6140625 0.065625 0.0859375
0 0.8859375 0.61015625 0.109375 0.0703125
0 0.834375 0.53828125 0.0421875 0.0515625
0 0.75234375 0.19375 0.0375 0.0546875
0 0.82734375 0.1875 0.0671875 0.065625
0 0.759375 0.35234375 0.04375 0.040625
0 0.87578125 0.3203125 0.0375 0.0453125
0 0.8859375 0.496875 0.0375 0.034375
0 0.11640625 0.27109375 0.0578125 0.0671875
0 0.43515625 0.24453125 0.0859375 0.0703125