0 0.0296875 0.775 0.059375 0.171875
0 0.31953125 0.77109375 0.0890625 0.121875
0 0.365625 0.684375 0.0890625 0.075
0 0.55546875 0.709375 0.1078125 0.0859375
0 0.43515625 0.5859375 0.0671875 0.0765625
0 0.52265625 0.59921875 0.084375 0.0609375
0 0.55234375 0.53671875 0.059375 0.046875
0 0.2125 0.63984375 0.0671875 0.078125
0 0.21328125 0.73203125 0.040625 0.0453125
0 0.109375 0.68125 0.0703125 0.071875
0 0.671875 0.56875 0.0484375 0.0546875
0 0.74296875 0.621875 0.0859375 0.0890625
0 0.66484375 0.65 0.109375 0.1140625
0 0.74296875 0.70390625 0.078125 0.0953125
0 0.81875 0.6140625 0.05 0.0609375
0 0.3828125 0.4109375 0.059375 0.0625
0 0.3296875 0.44375 0.0609375 0.05625
0 0.87578125 0.58671875 0.05 0.05
0 0.68125 0.49140625 0.0859375 0.0984375
0 0.24453125 0.30625 0.0546875 0.046875
0 0.1921875 0.33125 0.0453125 0.05
0 0.33046875 0.34765625 0.0453125 0.0390625
0 0.30546875 0.38671875 0.0609375 0.0546875
0 0.3921875 0.365625 0.0453125 0.0390625
0 0.7828125 0.415625 0.046875 0.0453125
0 0.73125 0.42578125 0.0578125 0.0515625
0 0.5234375 0.265625 0.2109375 0.1640625
0 0.471875 0.3578125 0.05625 0.065625
0 0.81875 0.2578125 0.046875 0.053125
0 0.78671875 0.26875 0.0265625 0.0375
0 0.884375 0.26328125 0.0609375 0.0625
0 0.903125 0.409375 0.0390625 0.0515625
0 0.90703125 0.4640625 0.0390625 0.0375
0 0.84296875 0.52421875 0.0359375 0.040625
0 0.896875 0.53671875 0.0421875 0.0453125
0 0.925 0.57734375 0.0265625 0.0328125
0 0.9359375 0.62734375 0.0453125 0.0328125
0 0.76171875 0.35625 0.028125 0.0265625
0 0.7171875 0.2390625 0.040625 0.034375
0 0.85234375 0.69296875 0.121875 0.0671875
0 0.32265625 0.55625 0.071875 0.0890625
0 0.20390625 0.50390625 0.05 0.0546875
0 0.1296875 0.53515625 0.0484375 0.0546875
0 0.02109375 0.52890625 0.0421875 0.0609375
0 0.175 0.18671875 0.0546875 0.053125
0 0.98359375 0.5734375 0.0265625 0.040625
0 0.9984375 0.496875 0.003125 0.025
0 0.3 0.25546875 0.03125 0.0296875
0 0.48359375 0.73046875 0.046875 0.0609375