0 0.8936214070101041 0.08307415412153987 0.09088218597979178 0.14633065467854492
0 0.5942552270142359 0.18665095074790536 0.10152874525034719 0.13395792401336298
0 0.5785373484051386 0.2911839094127691 0.09720361474138901 0.08235906134627217
0 0.3789906368741317 0.3365311300524976 0.11936955547083343 0.09511360001590834
0 0.5451773749062844 0.4150481234086329 0.07376611474138901 0.08208634134309048
0 0.45171766242534683 0.43506008406267893 0.09375130642076393 0.06826019867918127
0 0.4453208856398607 0.5084430400620426 0.06366376291777769 0.050727253341817755
0 0.7491771567257637 0.2791031747692226 0.07383884992375016 0.08521134134309047
0 0.7153671608098262 0.18727875409767733 0.046403527735416714 0.04740225867281787
0 0.8377688376715623 0.19964348878099475 0.0783445119678472 0.07745338534372678
0 0.3129623273192357 0.5209692173774526 0.05450696846486114 0.05999316534054522
0 0.22217432636930515 0.493343109365044 0.09447865824437507 0.09951019867918127
0 0.29068924344739544 0.4370936567074981 0.121623039703264 0.12481928134945389
0 0.1928154411106941 0.411729482694135 0.08673889342673621 0.10254429201145392
0 0.14944468797656207 0.5292255180219536 0.057813806420763926 0.06784202800763595
0 0.6603269833794092 0.5711174047580867 0.06566267401194459 0.0694954346753633
0 0.7021884814795483 0.5184651194302683 0.06704333605604162 0.061701116008908666
0 0.10220535885437451 0.5779079186823629 0.0559603656913195 0.055323846674090585
0 0.3306388301690273 0.6008839840467706 0.09622299620027785 0.10734088001272682
0 0.8364887866660411 0.6239622361154946 0.05897626291777769 0.05067270934118149
0 0.8797127630146871 0.5799218821212218 0.04971036569131968 0.05525112133990877
0 0.7359075584175342 0.6141957901018135 0.04785692496187508 0.04273294000636341
0 0.7455923361529508 0.5674207874363134 0.06544446846486132 0.0601204346753633
0 0.667793338052812 0.6196549020925867 0.04785692496187508 0.04273294000636341
0 0.25610899601284665 0.7141101427036801 0.0511273953265972 0.04901930267345413
0 0.3044380464496869 0.6857584233768161 0.06380923328250007 0.05697725334181776
0 0.5713332992994785 0.7685731127466326 0.23074477298576407 0.1823237933640895
0 0.5895585820688883 0.6570361760820871 0.06257404160312507 0.07102157200827239
0 0.27712674477857563 0.8854947940404072 0.05450696846486114 0.05999316534054522
0 0.3057790748506937 0.8631658080442252 0.029070557370694416 0.040952264003817976
0 0.20948464988881868 0.904244246697953 0.0687876740119445 0.06953179734245438
0 0.13770318170829796 0.7650902926877718 0.045059233282500076 0.056759077339272324
0 0.11470274601284662 0.7124647320178173 0.04469555737069451 0.041134077339272324
0 0.1565103459365967 0.6285533560232262 0.041643292553055565 0.0442227146721816
0 0.09929725798069391 0.6357022373488175 0.046403527735416714 0.04740225867281787
0 0.05622005841753421 0.606286910009545 0.02892508700597225 0.03470226400381797
0 0.02682415235736064 0.5598386240054088 0.0508364545971528 0.036519302673454136
0 0.29944011550388827 0.7661908107097253 0.031940984232430567 0.030051126670908878
0 0.3853938396683326 0.867218056055043 0.043060322188333354 0.03799089600572714
0 0.08690962680614545 0.4628550833465903 0.1329592767854862 0.07496473201781732
0 0.6689058156357288 0.4039844487587231 0.08034342306201392 0.09622156667727229
0 0.8062603452710067 0.4118344061107222 0.057631968464861315 0.060029528007635946
0 0.8693792475314581 0.35239631878576727 0.05450696846486096 0.05999316534054504
0 0.949168664990798 0.7182673141310849 0.060756968464860964 0.060065890674726855
0 0.007742977821996272 0.6314954480028635 0.015485955643992544 0.042387494668999895
0 0.7988601936761454 0.6962003154439494 0.03510235182361114 0.031649989337999784
0 0.4433992822007289 0.2888299740610881 0.05308993882958326 0.06622498400699968