0 0.0921875 0.90546875 0.1234375 0.175
0 0.17421875 0.79609375 0.05 0.065625
0 0.14609375 0.615625 0.0546875 0.0578125
0 0.2484375 0.69296875 0.0703125 0.071875
0 0.2234375 0.56953125 0.090625 0.0671875
0 0.1765625 0.4171875 0.053125 0.0546875
0 0.2265625 0.3734375 0.078125 0.0640625
0 0.27265625 0.41875 0.0640625 0.0515625
0 0.30546875 0.4 0.078125 0.075
0 0.33125 0.49375 0.0515625 0.04375
0 0.35 0.59296875 0.0890625 0.0875
0 0.396875 0.6484375 0.0375 0.034375
0 0.4203125 0.7015625 0.08125 0.06875
0 0.38984375 0.79296875 0.0703125 0.1109375
0 0.471875 0.77890625 0.0828125 0.0296875
0 0.54765625 0.72421875 0.0421875 0.06875
0 0.465625 0.59609375 0.0703125 0.0828125
0 0.43203125 0.46953125 0.05625 0.0796875
0 0.37421875 0.4453125 0.053125 0.04375
0 0.36484375 0.40703125 0.046875 0.046875
0 0.4703125 0.26796875 0.2015625 0.1640625
0 0.559375 0.58828125 0.0921875 0.0703125
0 0.56953125 0.53828125 0.0546875 0.0609375
0 0.5984375 0.6734375 0.140625 0.0890625
0 0.7421875 0.7546875 0.1375 0.1359375
0 0.70390625 0.634375 0.0953125 0.1078125
0 0.6796875 0.5359375 0.0453125 0.046875
0 0.678125 0.43046875 0.1046875 0.06875
0 0.71328125 0.35859375 0.0609375 0.0625
0 0.76953125 0.35234375 0.0578125 0.059375
0 0.73046875 0.31171875 0.0734375 0.075
0 0.7234375 0.20390625 0.053125 0.046875
0 0.76484375 0.18828125 0.09375 0.09375
0 0.8375 0.175 0.1203125 0.075
0 0.884375 0.3 0.0453125 0.0578125
0 0.8921875 0.36484375 0.0328125 0.034375
0 0.8421875 0.453125 0.0328125 0.05
0 0.8828125 0.50390625 0.05625 0.0328125
0 0.828125 0.5328125 0.04375 0.05
0 0.7609375 0.56171875 0.0671875 0.0671875
0 0.8015625 0.6234375 0.3078125 0.1765625
0 0.94921875 0.92890625 0.1015625 0.0859375
0 0.9875 0.471875 0.025 0.05
0 0.95390625 0.528125 0.034375 0.0484375
0 0.9265625 0.471875 0.0359375 0.04375
0 0.90078125 0.4484375 0.040625 0.0484375
0 0.96796875 0.3265625 0.0453125 0.04375
0 0.11328125 0.26171875 0.065625 0.1078125
0 0.4859375 0.08125 0.971875 0.146875