0 0.8344444001687463 0.9426467905817837 0.16629893019392766 0.11470641883643254
0 0.768838765427866 0.8589901797835955 0.06701595048646744 0.0808329886359143
0 0.8362013636408573 0.6710458948805595 0.07000458279171581 0.07307503571381488
0 0.7100831485438933 0.7329265117645323 0.09064436525911965 0.09217959172016936
0 0.763087191968346 0.6064691517804183 0.11249209172016936 0.09099892126547413
0 0.8447071590939048 0.45237771549741046 0.06838753571381488 0.0699227621748646
0 0.7995952564961171 0.39532314609837543 0.0967852711033185 0.08603868587597079
0 0.7410872812528834 0.4341577751572128 0.0808602621748646 0.06857845048646745
0 0.7103009314150391 0.40704980437820604 0.0985386858759707 0.09700345941492117
0 0.6625298587695932 0.5023389849791711 0.06504434740221221 0.05736821509696384
0 0.622462191968346 0.6040145332748876 0.11443642126547413 0.11290119480442443
0 0.5598434151829847 0.6544997284863493 0.047638659090609534 0.044568206168510115
0 0.5245547516281484 0.7062434606294418 0.10155459172016937 0.09080800649282175
0 0.5375848112879508 0.8104088092494699 0.0991932508107789 0.13450345941492117
0 0.45217914529748243 0.7784400146072012 0.09615797970746058 0.0501011858759707
0 0.3831348648586732 0.704556455354436 0.06079322402541774 0.08228639448011296
0 0.49699458766627486 0.5838502633893853 0.09242505357072232 0.10470686525911965
0 0.5594145413991531 0.4552127946389734 0.07825345941492116 0.09821140340856668
0 0.6268611400191814 0.44154180681383803 0.0666068474022122 0.0573954886359143
0 0.6447304784929399 0.40277931574229175 0.06041139448011279 0.06041139448011297
0 0.5609845442385268 0.2309531343305479 0.25217397483619663 0.2183989926931041
0 0.39822585105895547 0.5563371436660388 0.11410913879807003 0.09415119480442442
0 0.39842644846116776 0.5000735068965636 0.07162162986961622 0.07622730925276536
0 0.3397354667251123 0.6389354094943513 0.16931483603812653 0.12479326866768634
0 0.16835929870604907 0.6969000937487643 0.1764375892845374 0.17490236282348767
0 0.23379515828312591 0.5745671720762531 0.12422052434972919 0.1365023360381265
0 0.2808668015454228 0.47457685470581285 0.05884889448011297 0.060384120941162675
0 0.30393788311932246 0.36166379748164246 0.12663641233702042 0.09593188311602727
0 0.28117826745316565 0.2776473076279122 0.07795345048646736 0.08102390340856669
0 0.22211691315109458 0.2586421631477993 0.0747466298696163 0.07628185633066593
0 0.2727442045469524 0.2235774163942102 0.09538641233702042 0.09538641233702042
0 0.3028601728903272 0.11000584009531629 0.06668866801906326 0.062082988635914306
0 0.26189029951353265 0.08428309131313229 0.12082278896022576 0.12082278896022583
0 0.18659997321463878 0.0548353246740408 0.14555005357072243 0.10563416558343128
0 0.11018570332913642 0.17932108157389964 0.06060230925276526 0.07134889448011288
0 0.08867316761532144 0.24771652556754523 0.042951159090609536 0.04448638555165916
0 0.12357822727512384 0.35226370373287824 0.04634889448011292 0.060165932629559826
0 0.06963502110661364 0.3982114034085667 0.0680057061685102 0.048047762174864596
0 0.12205090909390481 0.4397637037328782 0.05734094155801359 0.06348184740221222
0 0.1876798632338201 0.48545407913826766 0.08584777110331836 0.08584777110331832
0 0.15885898255012962 0.5426801980508353 0.31771796510025924 0.2509853961016706
0 0.030541293427747994 0.354547178165333 0.04623980032431156 0.05391593262955983
0 0.06214584943410242 0.3347801489443398 0.05259889448011292 0.06027502678536125
0 0.9450771262194635 0.2986135616818067 0.0928887037328785 0.13126936525911964
0 0.5374669979714051 0.10081562093786729 0.9250660040571898 0.19890388798070063