0 0.36484375 0.79140625 0.0734375 0.1109375
0 0.40078125 0.7 0.0671875 0.065625
0 0.5875 0.69609375 0.0953125 0.08125
0 0.45078125 0.59609375 0.0625 0.075
0 0.54453125 0.59375 0.084375 0.059375
0 0.55859375 0.53203125 0.0484375 0.0453125
0 0.68125 0.5421875 0.040625 0.046875
0 0.68515625 0.47109375 0.0484375 0.0609375
0 0.7546875 0.5796875 0.0640625 0.05
0 0.36640625 0.7890625 0.08125 0.1
0 0.05390625 0.85078125 0.0953125 0.140625
0 0.14375 0.74375 0.053125 0.053125
0 0.2421875 0.67578125 0.046875 0.084375
0 0.2078125 0.54609375 0.0484375 0.0578125
0 0.328125 0.475 0.0421875 0.04375
0 0.28515625 0.415625 0.040625 0.040625
0 0.2171875 0.35 0.0390625 0.0453125
0 0.1734375 0.37734375 0.0328125 0.0546875
0 0.77109375 0.66484375 0.059375 0.0765625
0 0.67421875 0.6265625 0.0625 0.084375
0 0.87734375 0.63671875 0.10625 0.0671875
0 0.83125 0.5609375 0.040625 0.05
0 0.77265625 0.21171875 0.0359375 0.053125
0 0.8484375 0.2109375 0.065625 0.0640625
0 0.76875 0.37109375 0.0421875 0.0390625
0 0.8875 0.346875 0.0359375 0.04375
0 0.8859375 0.52421875 0.0359375 0.0328125
0 0.13359375 0.2453125 0.0546875 0.065625
0 0.453125 0.240625 0.084375 0.0671875