0 0.03984375 0.80234375 0.0796875 0.1828125
0 0.11640625 0.715625 0.0546875 0.06875
0 0.1296875 0.5328125 0.059375 0.0609375
0 0.21171875 0.63125 0.075 0.078125
0 0.21484375 0.50546875 0.09375 0.0734375
0 0.203125 0.34609375 0.0578125 0.0578125
0 0.26171875 0.31484375 0.0828125 0.0703125
0 0.296875 0.36953125 0.0671875 0.05625
0 0.33359375 0.35859375 0.084375 0.0796875
0 0.33671875 0.45625 0.0546875 0.0484375
0 0.3328125 0.55625 0.0953125 0.09375
0 0.36640625 0.62109375 0.040625 0.0375
0 0.3765625 0.678125 0.0859375 0.075
0 0.3265625 0.76015625 0.0796875 0.1140625
0 0.409375 0.765625 0.084375 0.0359375
0 0.49609375 0.7296875 0.0484375 0.071875
0 0.4453125 0.5859375 0.0765625 0.0875
0 0.440625 0.4546875 0.0625 0.0828125
0 0.38984375 0.41875 0.05625 0.0484375
0 0.38984375 0.37890625 0.0515625 0.05
0 0.5234375 0.2671875 0.2140625 0.1796875
0 0.53828125 0.59921875 0.096875 0.0765625
0 0.55859375 0.553125 0.059375 0.065625
0 0.55703125 0.690625 0.1453125 0.1
0 0.678125 0.80234375 0.146875 0.1453125
0 0.66796875 0.6765625 0.103125 0.1140625
0 0.6671875 0.57578125 0.05 0.05
0 0.68984375 0.47265625 0.109375 0.078125
0 0.73984375 0.41015625 0.065625 0.0671875
0 0.7953125 0.4171875 0.0625 0.0625
0 0.7671875 0.36796875 0.0796875 0.08125
0 0.784375 0.26171875 0.05625 0.0515625
0 0.828125 0.25625 0.1 0.1015625
0 0.90234375 0.259375 0.125 0.084375
0 0.91953125 0.39140625 0.05 0.0609375
0 0.9125 0.45625 0.034375 0.0359375
0 0.84375 0.53125 0.0359375 0.0515625
0 0.871875 0.58984375 0.0578125 0.0375
0 0.8125 0.60546875 0.046875 0.053125
0 0.740625 0.61875 0.071875 0.071875
0 0.765625 0.68828125 0.31875 0.2
0 0.8546875 0.9875 0.134375 0.025
0 0.98203125 0.58359375 0.028125 0.0515625
0 0.9359375 0.62890625 0.0375 0.05
0 0.921875 0.56875 0.0390625 0.046875
0 0.9015625 0.53984375 0.0453125 0.0515625
0 0.98515625 0.4359375 0.0296875 0.046875
0 0.1765625 0.18046875 0.075 0.1125
0 0.54453125 0.10234375 0.9109375 0.2046875