0 0.9758049445805351 0.7875027978347409 0.048390110838929704 0.17837435079830274
0 0.6923654758026696 0.7654791950964528 0.12878858767505647 0.15340352570316257
0 0.651697626340789 0.6653810360089238 0.1155950748547749 0.10452035672980173
0 0.44310387634078896 0.673880580000875 0.13976032092583335 0.12110036167271758
0 0.5869736927185085 0.5529566318643107 0.0919392510334573 0.09887785178688588
0 0.4901350800220614 0.5576852356283629 0.10541955417661057 0.08695085475263546
0 0.4649488353987449 0.4874828235750844 0.07634848428423417 0.0654923488211363
0 0.8208821199306481 0.6342225834237352 0.09201202564056317 0.10044035178688589
0 0.8106595574818701 0.7340461698875819 0.055817660462916766 0.05997717787060921
0 0.9283714423042237 0.6901131446787108 0.0949187018192454 0.09588018577927464
0 0.33208283146980344 0.5085513517497049 0.06726458271265771 0.07136034684397004
0 0.25067231968297915 0.5588325360461048 0.11781254631872758 0.1186465237259963
0 0.3315434840748373 0.5978048527382881 0.14895553846084475 0.15110619665368966
0 0.24068519768090718 0.6469055390118543 0.11021837014004517 0.12301568874502422
0 0.16925749979060303 0.541798886350116 0.06919095574818704 0.07923651384016442
0 0.659818225597782 0.3691771980622023 0.08034677956950453 0.08436968281352523
0 0.714199664596746 0.4107943536896902 0.0799829065339754 0.07655718281352523
0 0.1096620219165095 0.5058733152093084 0.06704625889134017 0.06667284684397004
0 0.3297155026860871 0.4241126847535105 0.11981169396136275 0.12808519072219066
0 0.8204046610820892 0.27105407996369396 0.07166098428423417 0.06530134783255317
0 0.874385839741971 0.30407748559118186 0.06392125889134022 0.06654551285158128
0 0.7242039032242065 0.3062832672258435 0.06021406203449331 0.05391817885919252
0 0.7466268668302762 0.3507680962753164 0.07991013192686935 0.07499468281352524
0 0.6559633254739474 0.3200221150583967 0.06021406203449331 0.05391817885919252
0 0.226765977045524 0.3312487055137572 0.06214043507002263 0.0617943458553869
0 0.28229038502724135 0.3469891106469535 0.07663958271265772 0.07174234882113639
0 0.5234333076912672 0.1970541417501424 0.2712714942090317 0.23250738836446336
0 0.5698246182780183 0.302398216350991 0.07885705417661057 0.08586851581733076
0 0.20455272104966796 0.15682170847950666 0.06406680810555185 0.06967051285158128
0 0.2381657417278324 0.17267220155942445 0.03804796360606986 0.04677684091247101
0 0.1324957845319033 0.15584414030444868 0.08190927956950458 0.08443334980971957
0 0.09825783333183027 0.31143756570360004 0.05610875889134013 0.0662271778706093
0 0.08848688109829991 0.3705406516731552 0.05225601282028158 0.05047484387822054
0 0.15209992493582813 0.44230822231967115 0.04927656203449331 0.0534725098858317
0 0.09216199875714573 0.44944690167315515 0.05901543507002258 0.061667011862998146
0 0.05808025123834508 0.4907549925856262 0.03782963978475229 0.04208934091247087
0 0.04720056327283838 0.5428586620532785 0.045787688998964 0.04553267589344294
0 0.2559954046719485 0.26978728209177216 0.037538541356328815 0.035839340912471054
0 0.3160531472283504 0.1475820182516077 0.05211046360606986 0.04734984387822054
0 0.12531275475300174 0.623428229734045 0.14833480024766904 0.10429486364988402
0 0.7112459466474499 0.5322382721687593 0.10204199710451575 0.11488485376405233
0 0.8446556060769094 0.4892310769979445 0.06726458271265798 0.07136034684397004
0 0.9217660696829792 0.5314875611806137 0.06726458271265798 0.07136034684397004
0 0.908660178245597 0.1492653101920305 0.07351458271265762 0.07161501482874763
0 0.765113539494302 0.20990567433620608 0.04237159057054054 0.039155341901054186
0 0.518850893090012 0.7036688976816414 0.06599318114108108 0.07754667984777566