0 0.11799425124285427 0.45234375 0.10985449710451589 0.1109375
0 0.25540651406313586 0.40390625 0.13322353060296194 0.1765625
0 0.061028352462063354 0.6234375 0.12205670492412671 0.1140625
0 0.3602994135677978 0.60078125 0.06523120181924558 0.0921875
0 0.21093953825595696 0.2515625 0.06152400496239876 0.0796875
0 0.5048457419372293 0.365625 0.041391287427387444 0.05
0 0.4400918831697237 0.38046875 0.044516287427387446 0.05
0 0.5586320597626908 0.5359375 0.0767508986760923 0.1046875
0 0.6371081242783836 0.44453125 0.09481169396136266 0.1234375
0 0.6632018974377474 0.3875 0.04066354135632899 0.034375
0 0.38467879115144105 0.3625 0.05083906203449331 0.0515625