0 0.8621160733475575 0.4411133585267287 0.1273911606107628 0.13387993776222676
0 0.7459805035031577 0.5402351749136869 0.15707840273485515 0.21221842531467222
0 0.8327800333397988 0.23391616516542454 0.1543362978836665 0.14058022365499817
0 0.528554403193897 0.3591590832074122 0.07742311151914834 0.11145956348717308
0 0.876209621690266 0.6898585118460767 0.07471269970043756 0.09727866431700996
0 0.5075871674479006 0.663478807687603 0.048469193032477875 0.061127676764564674
0 0.5667072048705852 0.6268085244941239 0.053029147274843244 0.05992037427505377
0 0.35805006880562973 0.4960876302983384 0.09094347758022465 0.12490675684847723
0 0.3263213209316616 0.6210158527039368 0.11160666394474265 0.1497650468904336
0 0.3306259257828502 0.6927724535337737 0.04706618969849794 0.04394017676456467
0 0.6335120675976817 0.6272121888111339 0.059661784547746774 0.06508147095570571