0 0.7624235356312274 0.6302163661817625 0.23465200956072393 0.19323904334173853
0 0.9321223712255431 0.48036040314540535 0.07007027297895903 0.09897937606301603
0 0.7011901511443326 0.3608761769423065 0.1691271391103733 0.18944462152108804
0 0.9050265499723136 0.35744893269218236 0.14288601172019214 0.14378143515657005
0 0.8968204310631223 0.20657195890497954 0.12051036397194573 0.1341832945496865
0 0.4243272624953846 0.3881392760436193 0.17443640036914018 0.15101985030926066
0 0.3509725007751924 0.5262449249854525 0.06590440468807693 0.05822683030538141
0 0.48767505706902714 0.7093768051313544 0.10324371838316751 0.08303538273097573
0 0.3117921938630487 0.15330858878526316 0.38621211443337106 0.3066171775705263
0 0.26515252159468333 0.3980239433223419 0.08974242288667415 0.06639001666989941
0 0.30802233960871045 0.4566975705933059 0.09985790252860856 0.10296524545807202
0 0.3752134322997399 0.6330690098327618 0.12958497532299776 0.13026106909549373
0 0.2638334461794005 0.5520099416553519 0.08329216378737563 0.06275483363936125