0 0.66796875 0.94765625 0.0890625 0.0921875
0 0.54375 0.94453125 0.0984375 0.1109375
0 0.41640625 0.9625 0.0640625 0.075
0 0.346875 0.7953125 0.1078125 0.1625
0 0.57265625 0.78046875 0.0828125 0.0921875
0 0.63984375 0.52890625 0.0796875 0.109375
0 0.47265625 0.58203125 0.0265625 0.0578125
0 0.34296875 0.5421875 0.0546875 0.0703125
0 0.4125 0.45625 0.0515625 0.0515625
0 0.4734375 0.45390625 0.021875 0.04375
0 0.53671875 0.44140625 0.04375 0.040625
0 0.60234375 0.43203125 0.06875 0.05
0 0.6625 0.40234375 0.05 0.046875
0 0.85078125 0.471875 0.2828125 0.315625
0 0.5984375 0.371875 0.0421875 0.04375
0 0.5375 0.37265625 0.025 0.046875
0 0.66171875 0.33203125 0.034375 0.053125
0 0.62734375 0.340625 0.040625 0.03125
0 0.70390625 0.33203125 0.0203125 0.0265625