0 0.9116641810631222 0.22710186930524978 0.11794656847545255 0.11583637357870132
0 0.9108655397932806 0.36102184299689055 0.129685104872647 0.1289734104104042
0 0.9310605189737895 0.49527574565596133 0.07219397748246621 0.08203822625188942
0 0.766358866445181 0.599825279715654 0.19787390036914038 0.1485116366622936
0 0.7365163818660012 0.3610581823041376 0.11734579117755661 0.10646137357870131
0 0.4585008058324095 0.33911237677423456 0.1345332911775566 0.1074624314570916
0 0.5270739258213349 0.5079086084289702 0.0679279796419344 0.03975972099021767
0 0.49203069247877274 0.6539414452465557 0.08711807063492075 0.07201077886860788
0 0.39374218923957016 0.596621039886062 0.06650518198597286 0.06614021046687384
0 0.3877913803248417 0.5315875740869289 0.053464961443337164 0.032690673635170954
0 0.3701718861849378 0.46645539775033473 0.054966904688076926 0.056128173635170954
0 0.35587765114433256 0.39801621089039696 0.06770673658176474 0.08489021046687392
0 0.3206701388058315 0.3401350924321932 0.06171755243632351 0.06430469468185844
0 0.3819242211609446 0.1542409079913298 0.3986515576781108 0.3084818159826596
0 0.29023286474713805 0.41429292924977873 0.05642927513842757 0.05465667889684287
0 0.2962337384366912 0.47854514504891166 0.056790220542635696 0.03599768415851479
0 0.2435569262827602 0.35318810025411385 0.06530362739018099 0.047390210466874014
0 0.25526638186600115 0.3890878028990672 0.043829145588778304 0.052366136803468064
0 0.24099193322259055 0.30819411866996527 0.03138970234403846 0.02829159997176518