0 0.68359375 0.94140625 0.0921875 0.0953125
0 0.559375 0.94296875 0.103125 0.1140625
0 0.4328125 0.96328125 0.065625 0.0734375
0 0.35703125 0.80078125 0.1125 0.165625
0 0.5828125 0.778125 0.084375 0.0953125
0 0.640625 0.52421875 0.0828125 0.1109375
0 0.475 0.5828125 0.028125 0.0578125
0 0.34453125 0.54765625 0.05625 0.071875
0 0.4109375 0.459375 0.053125 0.053125
0 0.471875 0.4546875 0.0234375 0.0453125
0 0.534375 0.440625 0.0453125 0.0421875
0 0.6 0.428125 0.0703125 0.0515625
0 0.65859375 0.396875 0.0515625 0.0484375
0 0.85 0.459375 0.29375 0.325
0 0.59375 0.36796875 0.04375 0.0453125
0 0.5328125 0.371875 0.0265625 0.0484375
0 0.65625 0.3265625 0.0359375 0.0546875
0 0.621875 0.33671875 0.0421875 0.0328125
0 0.6984375 0.325 0.021875 0.0265625