0 0.40039944199554567 0.025777296920519742 0.11170111600890867 0.051554593841039484
0 0.5377630819939548 0.034822033080355294 0.12447383601209036 0.06964406616071059
0 0.6824034199952275 0.015774932034906756 0.07708975867281787 0.03154986406981351
0 0.7484358579726376 0.1709705083285949 0.14604084802672618 0.20273236364988403
0 0.49375744863941035 0.1805669787082807 0.10603291868236298 0.11989068874502422
0 0.3960171932686394 0.46020008197804135 0.10781359468490823 0.1387043557412186
0 0.5887410426082299 0.4062752914461313 0.03829997867599957 0.07027800790866542
0 0.7295109459341393 0.4552009282905388 0.071330654678545 0.09036501482874755
0 0.6433001785885036 0.5492957795831331 0.06638861600890866 0.06829901384016442
0 0.5753587005888218 0.5497215439175891 0.03186816534054522 0.054398339923887915
0 0.5041649532543218 0.5612121422444339 0.055287484006999676 0.053790844866803765
0 0.4298734779201401 0.5704863245636675 0.08513861600890867 0.06906301779449713
0 0.36001496391632204 0.6014445058943181 0.06319089067472686 0.061921679847775656
0 0.16997505064450102 0.517215380418617 0.33995010128900205 0.409319239162766
0 0.4290825899109132 0.6384550745636675 0.055323846674090585 0.05691584486680377
0 0.49702406791059506 0.6380293102292116 0.035029528007635945 0.05765067391627667
0 0.3536371472390498 0.6797923403809983 0.04763861600890866 0.06753500988583169
0 0.3927814632400043 0.6711694154761385 0.05049089600572696 0.044224843878220454
0 0.306789419239368 0.67935860026683 0.02850680800445433 0.03395850593149916