0 0.84921875 0.49453125 0.3015625 0.4859375
0 0.640625 0.52109375 0.1125 0.140625
0 0.61953125 0.41640625 0.1390625 0.115625
0 0.51953125 0.44296875 0.11875 0.071875
0 0.35078125 0.796875 0.1359375 0.2203125
0 0.403125 0.98125 0.096875 0.0375
0 0.528125 0.94609375 0.08125 0.1078125
0 0.58203125 0.7203125 0.1375 0.13125
0 0.69921875 0.91640625 0.121875 0.1375
0 0.3484375 0.53515625 0.09375 0.10625
0 0.421875 0.46796875 0.078125 0.06875
0 0.70859375 0.196875 0.2375 0.1140625
0 0.7109375 0.146875 0.178125 0.05625