0 0.10237106496827522 0.2452385876629796 0.11681053248413761 0.12540119480442452
0 0.07848467558271396 0.38949314813356095 0.1329266058051153 0.13973643019392784
0 0.04115334509016012 0.52929203368522 0.04836806733052793 0.08829093262955982
0 0.18840534572313233 0.649452754871264 0.2215178798517324 0.17251374837514694
0 0.2600620577966991 0.39570441761532144 0.13232640507947596 0.12254893019392785
0 0.5661210848385411 0.3848900539810548 0.15113096878180662 0.12443871266133195
0 0.463638469499597 0.5617855649381035 0.07663691106992569 0.0481841298696164
0 0.47779771713734426 0.7210105604738766 0.09658731252120453 0.08288641233702024
0 0.5938567375557643 0.6642639082831259 0.0743849303072194 0.07312958279171564
0 0.6109871846532066 0.5951729890462467 0.05755952885594055 0.03848184740221221
0 0.640617631750649 0.5258638814977648 0.05994048439090331 0.061946620941162676
0 0.6677952014434296 0.4534706842577082 0.0798363221398514 0.09508640340856651
0 0.7164757489036917 0.39242804424182215 0.06964286660488846 0.07148526217486459
0 0.6792311761308681 0.18429931331325036 0.4459623522617363 0.3685986266265007
0 0.7349653432760616 0.4741865588523188 0.06462798439090331 0.06202844155801372
0 0.7193973961786192 0.5432502045502476 0.062410719962933216 0.04325116801906326
0 0.7968998588851581 0.4121308437553548 0.07222222958158006 0.05591480925276535
0 0.7786508558899333 0.44919051299223406 0.05034722958158007 0.055532979707460586
0 0.8069271341129017 0.3634887922132273 0.036974210344286364 0.03031479139585782