0 0.5177346551845818 0.8134218543655856 0.5738830166826846 0.3551411171402833
0 0.5614573864756469 0.631403892470655 0.17636559330833315 0.14922315128862387
0 0.4533523605566655 0.5978278318643484 0.15796690782296263 0.17003361827193722
0 0.48849019524083237 0.49709749152071525 0.10564299019805538 0.14085072930778503
0 0.8696661797126849 0.3600556784280179 0.26066764057463027 0.18966444482076028
0 0.9732634353207171 0.5582298275689352 0.05347312935856578 0.10351450361804453
0 0.7738405178139802 0.5920194086403141 0.17216610885972194 0.17233310266810484
0 0.9411190348259716 0.7343286601106522 0.11776193034805686 0.15473616689245623
0 0.5969978879362493 0.3289505998430298 0.1348424746466664 0.11905097241038014
0 0.5214209809617584 0.39805248190977693 0.09244036116879606 0.09660940637700666
0 0.21764859787999874 0.6666884537543302 0.1793524752123143 0.27225121551297526
0 0.16482639425134132 0.6639629234511769 0.1043142275213885 0.19677318068726599