0 0.62578125 0.8333563676502912 0.134375 0.1992448286340199
0 0.53046875 0.9835508188857578 0.0734375 0.0328983622284845
0 0.3625 0.7868436074778216 0.146875 0.13612952199532433
0 0.40859375 0.9572771051911255 0.103125 0.08544578961774896
0 0.26640625 0.9608447181561672 0.1046875 0.07831056368766554
0 0.321875 0.5306402290535829 0.10625 0.14711364357108572
0 0.4328125 0.4585778201351577 0.040625 0.056203378424238615
0 0.63359375 0.5784796135011062 0.05625 0.08863737012586874
0 0.0921875 0.43901680103961843 0.184375 0.3217836020792369
0 0.29453125 0.38403699357573 0.0421875 0.07819677759440165
0 0.35859375 0.42170385955241396 0.078125 0.08091995850815117
0 0.53671875 0.47738886495099875 0.096875 0.10734074855010753
0 0.43515625 0.3782866688904022 0.0421875 0.07350927759440165