0 0.38465790535486266 0.1853626076971251 0.5724408107097253 0.3569583742928716
0 0.45676126670908895 0.34418558666190313 0.17834427068745348 0.16547145273377603
0 0.3510748880489977 0.3851933628929052 0.15828630935708982 0.18592606436617345
0 0.4045731527291335 0.48807234445557324 0.10634200135263541 0.14950796312533612
0 0.820480510741542 0.6084872953477639 0.26793402936027133 0.217011809422495
0 0.9843584606938169 0.5225765645414004 0.03128307861236621 0.11032549480421991
0 0.9257112613780889 0.39415127976042363 0.12000451201463562 0.1161163089182919
0 0.6811345580442253 0.37314573902736214 0.17394767202418074 0.19014367080279088
0 0.8572596113542262 0.21372645240479993 0.17687267735518084 0.17317469209011432
0 0.5454719674172234 0.6556090417414677 0.13739200668363552 0.13450567599857094
0 0.45647255474217835 0.5877170653745797 0.09333292401336309 0.10488387797604233
0 0.09668683271004345 0.32603225829787325 0.18137945870463462 0.29214321337743776
0 0.049148761378088844 0.3328560586661903 0.09298857336090782 0.2094621173323806