0 0.33203125 0.7765625 0.1125 0.16875
0 0.40859375 0.959375 0.0640625 0.08125
0 0.578125 0.76796875 0.1296875 0.1078125
0 0.5234375 0.94375 0.090625 0.1125
0 0.65546875 0.95703125 0.0921875 0.0859375
0 0.63203125 0.5359375 0.090625 0.1234375
0 0.534375 0.45390625 0.034375 0.046875
0 0.34140625 0.53828125 0.046875 0.075
0 0.871875 0.48203125 0.19375 0.2765625
0 0.6671875 0.40390625 0.0359375 0.0671875
0 0.60546875 0.4296875 0.06875 0.065625
0 0.4375 0.4578125 0.084375 0.0875
0 0.5375 0.37890625 0.034375 0.0625