0 0.4643401388204228 0.9674555876218722 0.10724566016782511 0.06508882475625555
0 0.587434096703874 0.954339473673534 0.12043274440092269 0.09132105265293192
0 0.7174767942143632 0.9674478847647672 0.07876546265733601 0.06510423047046565
0 0.752168335081512 0.8014133312871591 0.1448659045687478 0.183506484956305
0 0.5253457259533052 0.8119630717202476 0.10324524440092268 0.1074608105039836
0 0.403809654992955 0.5659936906831506 0.10454763527271585 0.12464831050398359
0 0.5810592392260524 0.600773170624891 0.03911096680652086 0.06350021034569905
0 0.7008972199300205 0.5465750671013941 0.0716633576783142 0.08159699247815269
0 0.6130052110069509 0.46684445150370335 0.06387416846619498 0.061102636051661816
0 0.5517600576876031 0.4712986192921075 0.03167697510489074 0.04769335391920819
0 0.486679509347277 0.46628685886726623 0.051989475104890735 0.048284387305303156
0 0.4194920093472769 0.4643319022824909 0.0794991684661948 0.06155727711788863
0 0.35383112055007615 0.44137412391096104 0.06027557178554286 0.054761707838416385
0 0.19302552034493908 0.5310179824490227 0.3332450107971695 0.3651609648980454
0 0.4101869417109191 0.40325800996262284 0.05378877344521662 0.05145485141192587
0 0.4713136958601039 0.39724134217421875 0.035038773445216796 0.050909282132453625
0 0.33906895830765854 0.3700075892712249 0.04813076929603186 0.05908549498543501
0 0.37530245623306613 0.3749595137235465 0.048035680913749525 0.03725595909205772
0 0.2972958554032291 0.3742488083924125 0.0256870842330974 0.03036946159934022