0 0.7990127970262515 0.8305184780278976 0.2846305718159236 0.3339302497995075
0 0.8926470840143679 0.5980154765780051 0.21470583197126417 0.22426998465266035
0 0.9887504452542946 0.8861000915057818 0.022499109491410964 0.22779981698843627
0 0.42788112294739167 0.39320127386942405 0.0928238251355733 0.11636055103961844
0 0.6288078186926656 0.43341556723537267 0.16051129488495217 0.2073892153566284
0 0.6858294574527388 0.3018588365314045 0.17565450585373252 0.1257607070582587
0 0.8131055506404887 0.43410541931460944 0.14430451190385654 0.10620522365499827
0 0.4753515414671067 0.49909699897431475 0.08641019867214013 0.08776195435896632
0 0.4748122277444108 0.8090756502190702 0.24372377068445542 0.28241437137526865
0 0.49354650868240285 0.27088948860135253 0.1022897287263694 0.13269594606059654
0 0.38488003580976593 0.2501607462750224 0.0896079215447771 0.10049875269929238