0 0.7677338474126237 0.8057880081226463 0.3299898834215476 0.2598984319506556
0 0.8837097675659418 0.6141418214804135 0.23258046486811637 0.2441534636295394
0 0.847957269314553 0.4288106088592804 0.15126802273741297 0.1180830005042031
0 0.9351734264249156 0.37727025217056154 0.12783052273741297 0.11644409084927698
0 0.9773450444862428 0.3963209009297243 0.04530991102751436 0.0887454257464693
0 0.9770439555509383 0.3751725206078934 0.04591208889812357 0.15269866510280766
0 0.9484891685162502 0.8394424702395764 0.1030216629674996 0.20027278763096845
0 0.6694821008354838 0.4326725722367183 0.1688905573378241 0.28291032500983526
0 0.7398516561589605 0.29456093101912406 0.18777852570316256 0.13465849530842303
0 0.5435695637636148 0.2651951311550101 0.14284802768032884 0.14086493664223268
0 0.48358175152005584 0.3696748175451412 0.15260502965749528 0.1508955005042031
0 0.5462302846375922 0.5227726843733187 0.07923651384016442 0.07097877153942492
0 0.5811703118236295 0.6496029821437459 0.0808626808363588 0.07265053218308673
0 0.3219014466908706 0.5165219564169469 0.6376908617470798 0.9669560871661063
0 0.5373792776803288 0.09404675083317922 0.12579317885919253 0.06644409084927708
0 0.7788093853987139 0.19311876331842637 0.15678319368794008 0.13872328243518828