0 0.8625384185798269 0.6662978483759179 0.27492316284034607 0.3193483597251959
0 0.7527438137361818 0.8627717507914229 0.2455471468722145 0.2744564984171543
0 0.9650904202291795 0.8840058370931467 0.06981915954164108 0.17768238229073816
0 0.3768666576927672 0.5042976727364621 0.120188131037097 0.10653480799670109
0 0.4902796029947714 0.6730824281467384 0.21460337226160836 0.18577969028743926
0 0.3973683404583591 0.7796613855894435 0.13822272868809904 0.18980194906292774
0 0.5623544944567096 0.8430061347315136 0.11373955423577745 0.1531824874635877
0 0.48700017563945586 0.506721642253361 0.09174488229073816 0.09477895407749273
0 0.754942530416594 0.3794761468057076 0.29531982633910125 0.27711539561857335
0 0.29737303747622296 0.6159505750854599 0.13608591567683304 0.11636444906292791
0 0.23850885134541883 0.5244701172470434 0.10286423871722886 0.10134720282385175