0 0.6686871099533993 0.2428978239468313 0.31454163237293076 0.33085601085413385
0 0.8214299111935105 0.44228474954571484 0.3140428796736387 0.24212105947465296
0 0.901181223855491 0.1868436550182102 0.1917175937808672 0.209253248529662
0 0.37393499147791565 0.6651192254625979 0.10360044191141178 0.11437011646291495
0 0.5557187103590291 0.6158196675698248 0.1819873962703781 0.2040744255988834
0 0.6236380709371283 0.7338946381711826 0.18267263527271585 0.1309644742194024
0 0.7266707504009853 0.6059544239014028 0.14832094606059662 0.1089323439616777
0 0.40735298795343067 0.5656891135222388 0.09233105518880329 0.08887879353213642
0 0.37079313899769345 0.282190538782438 0.27036465726804015 0.28185194482076026
0 0.44965519666207454 0.7734064382620396 0.11404103444287887 0.12892393939369348
0 0.35053061242897704 0.7980169346439949 0.09929145020978147 0.09858134215265527