0 0.35667814722835034 0.15575338627009563 0.33523129445670075 0.31150677254019127
0 0.18063583974197106 0.331384778950332 0.3225814371369372 0.26448214681406557
0 0.1453360787837163 0.08281034594722406 0.15629715756743262 0.1656206918944481
0 0.6204069309316841 0.595111061210433 0.1101455955329392 0.12206339867609248
0 0.4357365243977089 0.5301154156347124 0.19419957195929066 0.21952490363849114
0 0.3534762961093306 0.6466907936326404 0.19070639081820956 0.14452490363849116
0 0.25991673304138 0.5038547843270156 0.15694782092583343 0.1226841368892682
0 0.5958906203449329 0.48898949379925616 0.09797092721213971 0.09499147642635145
0 0.6621875926374552 0.19777798883685746 0.2869735769216895 0.303360556243525
0 0.5306424176971178 0.7018576749403374 0.12351889081820958 0.1413955955329394
0 0.6308265082676584 0.7347728746926683 0.10480312406898662 0.1077825748547749