0 0.8657739183319672 0.5426367467867064 0.26845216333606564 0.38115337364711993
0 0.7460161885964336 0.7566189827018807 0.31085533638111046 0.37908069061658195
0 0.5362413559385171 0.7241724998308221 0.14404110885972193 0.17464879788366652
0 0.5104101707359705 0.8246347564987818 0.13886559330833315 0.15095620636839727
0 0.5501165111695816 0.8827662498308222 0.10351456220555537 0.10153029121570682
0 0.5334464210187945 0.8990767760436192 0.186209485014259 0.1424101248550677
0 0.9352107874178696 0.7519960292084213 0.12957842516426082 0.23600062818904793
0 0.48522778567444336 0.5457922793775992 0.31423603166842556 0.22267119395056162
0 0.3678536494351376 0.6521534628671792 0.1659352327051847 0.21211684697528083
0 0.27824647087698984 0.46433434059718515 0.16693180471268487 0.17031198424818453
0 0.3648880169655085 0.37543159513911306 0.1788262119699997 0.18214230455162622
0 0.5374950402925917 0.396749130435766 0.08408105702175916 0.09218724212409217
0 0.6768698985866658 0.3979613308851096 0.08747945909527761 0.09556733363936135
0 0.5 0.290625 1 0.58125
0 0.1038711874651379 0.5037470112098876 0.08661958812453677 0.13893469636645772
0 0.27851703883198936 0.7192449812040687 0.16659961404351814 0.1842469384905499