0 0.7109375 0.77734375 0.2734375 0.19375
0 0.8578125 0.60625 0.284375 0.1875
0 0.7734375 0.44140625 0.1265625 0.0875
0 0.84921875 0.3953125 0.1046875 0.0890625
0 0.90625 0.41328125 0.0671875 0.0703125
0 0.93671875 0.39296875 0.1265625 0.1296875
0 0.91953125 0.8625 0.1609375 0.2734375
0 0.6140625 0.44453125 0.125 0.234375
0 0.67265625 0.32109375 0.15625 0.096875
0 0.496875 0.2953125 0.115625 0.109375
0 0.4453125 0.38828125 0.1234375 0.1171875
0 0.50546875 0.525 0.0640625 0.0546875
0 0.540625 0.63828125 0.065625 0.05625
0 0.2734375 0.56171875 0.546875 0.8765625
0 0.48671875 0.1421875 0.1078125 0.04375
0 0.70546875 0.23125 0.128125 0.10625