0 0.15623563263257398 0.3867962358665058 0.31247126526514796 0.3295325282669884
0 0.36083244290019634 0.42907450983808104 0.16040631275401313 0.176693054047586
0 0.5163421364777612 0.42014548790267076 0.10547979534115867 0.1395338907731743
0 0.4887471602221938 0.21824547320334964 0.11050148801421251 0.1164239393936934
0 0.48323854590698556 0.05555620194530788 0.15227290818602893 0.11111240389061576
0 0.6147829585040285 0.4297894035519315 0.08780097241038014 0.12925813206674713
0 0.6847479777259053 0.34353764303648193 0.07989994120271575 0.15689180913596862
0 0.6454575056542096 0.24587142695767983 0.08468261646291494 0.09948874491161738
0 0.4734099287667021 0.5852282553155252 0.12169129353213641 0.09207903663473135
0 0.5757127351891372 0.5806458966545265 0.09348440637700665 0.08904256784239592
0 0.2382570007929695 0.612355078584988 0.2665810696514182 0.1510932677515388
0 0.6675118108334492 0.4940289659672604 0.05524742198083885 0.07301477611928178
0 0.7085296364777612 0.4100733678217113 0.07300148801421233 0.11445864767057934
0 0.6291618775441913 0.019329896258041775 0.08748671189493056 0.03865979251608355
0 0.6289837358665058 0.12909004070706126 0.06610303482570909 0.07202548620519007