0 0.59296875 0.83828125 0.3046875 0.315625
0 0.9296875 0.52734375 0.140625 0.1328125
0 0.74296875 0.515625 0.10625 0.0953125
0 0.5390625 0.621875 0.1625 0.153125
0 0.55546875 0.4765625 0.14375 0.121875
0 0.71171875 0.36484375 0.1109375 0.0890625
0 0.52734375 0.3828125 0.121875 0.0890625
0 0.74609375 0.32734375 0.125 0.1125
0 0.609375 0.3171875 0.1421875 0.0796875
0 0.5484375 0.3 0.1109375 0.0625
0 0.5265625 0.27578125 0.0984375 0.05
0 0.51484375 0.2578125 0.1015625 0.05625
0 0.6359375 0.2421875 0.0609375 0.0375
0 0.60625 0.23515625 0.0484375 0.03125
0 0.465625 0.325 0.065625 0.040625
0 0.3921875 0.51171875 0.1125 0.1125
0 0.39921875 0.4203125 0.103125 0.103125
0 0.946875 0.38359375 0.09375 0.0984375
0 0.82890625 0.384375 0.075 0.0578125
0 0.37890625 0.74453125 0.1734375 0.2671875
0 0.428125 0.9421875 0.10625 0.115625