0 0.3923338578468128 0.8150130452168263 0.3166762854658307 0.32214064482048527
0 0.4087393342190895 0.585503143972071 0.17410666394474267 0.15450101369695446
0 0.3823038642249085 0.4337756232261466 0.1385201081851685 0.09900803029369402
0 0.18128375603973995 0.5375196203263615 0.11103283697334118 0.10468934523075965
0 0.03542821953513905 0.610344581533805 0.0708564390702781 0.14133724025173783
0 0.38043808847115324 0.3329827178322062 0.12930460485118864 0.08122853444287888
0 0.2849181654425548 0.2951885651375582 0.15809928454774697 0.07254061867597636
0 0.19180615210663524 0.3705689186666875 0.09818215060882314 0.08042305103961844
0 0.5538440243766294 0.41534216409329544 0.0888707945496865 0.1185383576783142
0 0.5371344986228742 0.31567405081590383 0.08514001666989941 0.09185745850815116
0 0.6063160937619871 0.6380800018508779 0.13836009576733305 0.26825493776222675
0 0.43871271620115915 0.25636009563174494 0.07257637272903601 0.05208456348717298
0 0.34936317377750453 0.2476022475012003 0.11409419303247788 0.06610044191141169
0 0.07496959634706103 0.43221865891842537 0.07047173879011234 0.06434776514684692