0 0.8052997956973005 0.7859293796874192 0.38940040860539893 0.3247688417263214
0 0.8981423250596627 0.4459120534637645 0.15327916542531525 0.1460544945971538
0 0.7056209929661774 0.6349499795885972 0.23675094499482013 0.2319457629424182
0 0.6758863353987449 0.467474053252003 0.2051713052100677 0.18959166297065302
0 0.8124851532242066 0.28874356654735694 0.15618584160399784 0.14154900512049745
0 0.6127077851510758 0.37244925056469735 0.16875861621110372 0.14383954721387227
0 0.8381722038861602 0.23476172183726368 0.18100605913900908 0.17260158404557524
0 0.6831957595105127 0.27120599800444856 0.18892556699689197 0.1418976156156063
0 0.6088678475998539 0.2731849979338614 0.14684507485477488 0.10828147881213823
0 0.5758177531003719 0.25317560579813436 0.13049232878371625 0.09174642619541977
0 0.5570848697257604 0.2378159163073606 0.13554370181924558 0.09983194198043535
0 0.6867145576912671 0.17856347169608938 0.08245293507002263 0.0640162683452643
0 0.6515583076912671 0.18061109008370596 0.06639128742738745 0.05373121572854585
0 0.5253319096343472 0.32975278732581315 0.08892125889134021 0.06906778939195171
0 0.504852551486014 0.5628228925592501 0.1667980099247975 0.1686575366905286
0 0.4827891528099217 0.4591364504376404 0.15208053846084474 0.15377598933548206
0 0.9455694809744655 0.27002511667441387 0.09767982878371625 0.08983531570031093
0 0.5657516259265043 0.8107374768165869 0.283523245242489 0.332840405007558