0 0.5884796026416376 0.20156043230337345 0.38241579471672493 0.37975231380268887
0 0.49530012527850253 0.418454764119258 0.2021635786919079 0.19175690564770315
0 0.46988995058882177 0.5873040525199178 0.15926700668363553 0.12959187476889084
0 0.6957984699236398 0.5829361159268951 0.1327408693507266 0.1319439849563052
0 0.9018666565881854 0.604562378001089 0.18492153469127146 0.1865693004748536
0 0.43741271057450426 0.6918635203874641 0.14656701201463562 0.11204066191590947
0 0.516127509229823 0.7777759398252208 0.17460110534690845 0.10504651583511766
0 0.63136215790105 0.747523801661988 0.11366360534690845 0.10327341567683312
0 0.2987331132638668 0.5205842507914229 0.11099313868554458 0.14224498746358769
0 0.281826329248913 0.630285859725196 0.10281701201463571 0.11076766693047428
0 0.32201826129854705 0.26570653417751766 0.18782945337363444 0.3022397645814764
0 0.3555718172342773 0.7402806368430846 0.08515679734245421 0.06964256175762476
0 0.4393377425605049 0.7950794486007094 0.12916133601209037 0.09279055674305994
0 0.9062439792330046 0.7656817344275798 0.10127269334818116 0.11228470282385157
0 0.763457042568459 0.7458967686716045 0.08214088534372674 0.0789266335443795