0 0.8063689831795458 0.6223758687629889 0.3197745066479847 0.3657623971478884
0 0.6066192821445718 0.5274865913410383 0.1563003120372805 0.1664613130353249
0 0.48971151159914006 0.7718092839630541 0.11603050954776961 0.17091246369925486
0 0.4858141491469411 0.9366030369881162 0.14817923610255282 0.121121541958086
0 0.34141295371104446 0.9460331000234412 0.17968934523075958 0.10412493949875809
0 0.4631051578695181 0.576737678478664 0.15724750539858476 0.17896131303532492
0 0.3427101474965559 0.5579154764868742 0.10317531203728052 0.16615224082661778
0 0.40423687550123166 0.7043677747896719 0.09929145020978147 0.09428633118569749
0 0.33307134790683 0.7469507054096354 0.14143232863402008 0.13513859016268787
0 0.30577421948259137 0.7877166059753694 0.14874792116548727 0.14923745159900648
0 0.28016168069003494 0.6207518197728201 0.09522110207923688 0.18484769867214013
0 0.2600393574545996 0.5771381751590143 0.06356743776222676 0.11750566256778665
0 0.2281507400280231 0.5445256630587659 0.06477474025173775 0.11282725292686635
0 0.2282225176224248 0.5023563437769252 0.07452824855010753 0.09726588544042372
0 0.5835271694918801 0.4097041937021705 0.6643281448204854 0.29592363758172285
0 0.31495384563174494 0.46046375956616564 0.04500576929603195 0.05804884933607006
0 0.2624567302797608 0.43187567213395217 0.04668666846619498 0.05962043969514959
0 0.2679021694918801 0.4115404462362532 0.06998245850815117 0.07849770472226432
0 0.20182596098372896 0.4900154250608185 0.04858105518880329 0.08462043969514958
0 0.20948048255484597 0.7187762293155446 0.03875576929603195 0.05801248789975162
0 0.19601090102104085 0.6595057684449601 0.054949454358966324 0.08621930113146803
0 0.19081483815856776 0.6353279250608186 0.05940015601864026 0.08312157220870695