0 0.484375 0.85078125 0.265625 0.2796875
0 0.9046875 0.66171875 0.1328125 0.1125
0 0.7265625 0.58984375 0.0953125 0.08125
0 0.5 0.628125 0.1453125 0.1328125
0 0.56015625 0.49453125 0.13125 0.103125
0 0.74296875 0.4375 0.1015625 0.075
0 0.56171875 0.396875 0.1140625 0.071875
0 0.7875 0.41171875 0.1125 0.096875
0 0.66015625 0.36015625 0.1375 0.0578125
0 0.6078125 0.325 0.1078125 0.0453125
0 0.59453125 0.2953125 0.0953125 0.034375
0 0.58828125 0.27421875 0.0984375 0.040625
0 0.709375 0.296875 0.0578125 0.028125
0 0.6828125 0.28125 0.046875 0.0234375
0 0.521875 0.32265625 0.0625 0.03125
0 0.39375 0.47734375 0.0984375 0.1
0 0.428125 0.39296875 0.090625 0.090625
0 0.959375 0.5265625 0.08125 0.0875
0 0.8484375 0.49140625 0.06875 0.046875
0 0.309375 0.6953125 0.134375 0.253125
0 0.29296875 0.90703125 0.0890625 0.1203125