0 0.5390625 0.853125 0.2515625 0.2765625
0 0.525 0.63203125 0.140625 0.121875
0 0.5515625 0.48671875 0.1171875 0.0734375
0 0.73515625 0.55625 0.090625 0.084375
0 0.91640625 0.60078125 0.1421875 0.1171875
0 0.55390625 0.3921875 0.109375 0.059375
0 0.6421875 0.34453125 0.1390625 0.0453125
0 0.72734375 0.40234375 0.08125 0.0625
0 0.39296875 0.4921875 0.065625 0.1
0 0.409375 0.396875 0.0671875 0.075
0 0.34140625 0.7078125 0.0921875 0.234375
0 0.50078125 0.328125 0.0609375 0.0390625
0 0.58359375 0.3078125 0.0984375 0.046875
0 0.96171875 0.46875 0.071875 0.075
0 0.834375 0.44296875 0.0578125 0.05