0 0.56328125 0.84921875 0.2671875 0.290625
0 0.534375 0.63046875 0.146875 0.1296875
0 0.55078125 0.48359375 0.1203125 0.08125
0 0.73828125 0.53984375 0.0953125 0.090625
0 0.92265625 0.571875 0.1484375 0.1265625
0 0.54609375 0.38828125 0.1125 0.0671875
0 0.63046875 0.33515625 0.140625 0.0546875
0 0.7203125 0.38671875 0.084375 0.0671875
0 0.39296875 0.49921875 0.071875 0.1046875
0 0.403125 0.403125 0.071875 0.078125
0 0.35625 0.71796875 0.10625 0.2375
0 0.48828125 0.32890625 0.0640625 0.04375
0 0.5703125 0.30234375 0.1015625 0.053125
0 0.9578125 0.43671875 0.0765625 0.0796875
0 0.8296875 0.41953125 0.059375 0.0546875