0 0.60234375 0.834375 0.328125 0.3234375
0 0.515625 0.61015625 0.1484375 0.128125
0 0.73984375 0.5234375 0.1546875 0.0921875
0 0.9125 0.5359375 0.1453125 0.125
0 0.928125 0.403125 0.14375 0.15625
0 0.56171875 0.4828125 0.159375 0.1296875
0 0.54609375 0.3703125 0.15 0.0796875
0 0.6796875 0.43984375 0.084375 0.0828125
0 0.71875 0.378125 0.121875 0.11875
0 0.75625 0.35703125 0.134375 0.1234375
0 0.60390625 0.31875 0.1671875 0.071875
0 0.5640625 0.296875 0.10625 0.0484375
0 0.53515625 0.26484375 0.1015625 0.05
0 0.49609375 0.2609375 0.0875 0.0609375
0 0.4078125 0.57890625 0.2578125 0.584375
0 0.45703125 0.33671875 0.053125 0.0359375
0 0.43203125 0.28671875 0.0546875 0.0375
0 0.41328125 0.28984375 0.0703125 0.05625
0 0.48515625 0.2359375 0.0765625 0.0375
0 0.69453125 0.2625 0.053125 0.0296875
0 0.640625 0.2453125 0.0765625 0.0421875
0 0.61875 0.23828125 0.0734375 0.046875