0 0.4982559085188753 0.8298789184215192 0.4092555721665718 0.34024216315696165
0 0.46413687098989576 0.6145640323919204 0.1814303666156336 0.15883062021691713
0 0.7112002133852415 0.5730224687674204 0.18002969269935692 0.12445562021691714
0 0.881978286997507 0.620120703445718 0.17824169961943923 0.1572499394987581
0 0.9100143981759331 0.4882212636523725 0.1481377055509384 0.18519313231716553
0 0.5408823961987667 0.49545093890958275 0.19418503460041095 0.16515334308955404
0 0.5526568374152487 0.379085595525441 0.17164418973360754 0.11034766842151918
0 0.6698350671492938 0.47588384835411135 0.1056371877564409 0.10059087334017498
0 0.7244071620160975 0.42150087538327863 0.15116986364988402 0.14459540339440444
0 0.7663864149818471 0.4076792698988885 0.1671131986308559 0.15249880698520055
0 0.6231258463124975 0.3372980713249442 0.1871418557412186 0.10731357201231528
0 0.5875849357420936 0.3081781978865732 0.12005251482874754 0.07099427693097127
0 0.5665203606469534 0.26898388767991877 0.11536501482874754 0.07096700585373253
0 0.5286847796203142 0.2578236738824681 0.10474584980971961 0.07871587334017516
0 0.36392596536240784 0.5616248638722053 0.4043558024320893 0.6459498668972674
0 0.471195931787761 0.3262555113146815 0.0628475098858317 0.04722952400410509
0 0.45783111015266187 0.2706958577238853 0.06447367688202607 0.048801114363184704
0 0.438331693650759 0.2698009782353901 0.08567751482874755 0.07079428903121973
0 0.5227995355518132 0.22965776726660986 0.0865396778706092 0.05361587939029935
0 0.72781068771926 0.299616785024199 0.061030341901054184 0.040970433645025485
0 0.677394193650759 0.2711918031745716 0.08673067885919253 0.05830337939029935
0 0.6575591961222169 0.2593548785065366 0.08535917984777566 0.06298178903121973