0 0.44621516132803746 0.8112276827611652 0.34329205759604164 0.33488944632705897
0 0.9050426717102068 0.6308278724621607 0.09523544724210709 0.13841975478036198
0 0.7590314926721897 0.5452279387781449 0.12154034200867017 0.10897208667404978
0 0.5026071874246352 0.5780053701458089 0.18602704721387225 0.1738146391103733
0 0.5936101609751016 0.43207350401439487 0.16536593671876343 0.1398005845145814
0 0.8046155504094056 0.3772999591362105 0.12586382096198284 0.10302247532299776
0 0.6123895240304591 0.3234599676172003 0.13974431043863902 0.10079864126984166
0 0.8575886319653192 0.34977693399778287 0.14294490514873245 0.12902377081949085
0 0.7273543713713884 0.2872943252676245 0.16401626834526423 0.08990071406423077
0 0.676087273959872 0.24543629473052606 0.12707771046687402 0.07041023442229637
0 0.6671518897166526 0.21176220157807135 0.1121961631118273 0.055446568475452554
0 0.6638749712725663 0.1878438402270193 0.11733868942018652 0.06355945712440048
0 0.7928043370999343 0.2192767080564763 0.06937162628012424 0.04180557063492083
0 0.7659079081325041 0.1999852899501641 0.05641659997176518 0.03319203423772628
0 0.5830653160532469 0.23894406770948534 0.07424113680346807 0.0452309592838688
0 0.41385404251689784 0.4046760965485408 0.1274109104104042 0.12958497532299768
0 0.46669759243219316 0.31255964528423646 0.11574536831702957 0.11638406847545246
0 0.9106310610033365 0.44133457588593333 0.0847992052052021 0.06614423658176474
0 0.28163526378946413 0.6435359423218892 0.19532499445597953 0.30672726866002265
0 0.2251522324311946 0.8783207549372456 0.12243498407381015 0.1510594571244006