0 0.1454067253204107 0.4765539995857152 0.2908134506408214 0.3374829991714304
0 0.3580579704262693 0.5026221557054058 0.16392363466105575 0.18235023531769165
0 0.5247196807705554 0.48064876405862667 0.10658236061443879 0.14848034946188077
0 0.45307040318055936 0.26916114639978084 0.11492065027015244 0.11922949710451584
0 0.4117981063532695 0.08412902088305221 0.156091287293461 0.13674663688926816
0 0.6326140263240518 0.48332646194893075 0.09057541469812272 0.1368151033908223
0 0.6899850714220611 0.3866184358940829 0.07916668874473984 0.1674829065339753
0 0.6277975846689051 0.28512440239563686 0.08635914065150559 0.10541955417661039
0 0.512976105002507 0.6600815529337561 0.12654763103285874 0.09481169396136266
0 0.6214433694304773 0.6463530008240603 0.09524306733052797 0.09179370181924558
0 0.2663987161651 0.7072860769216895 0.2814186695074462 0.15194360545773672
0 0.7023883237843138 0.5468303438758003 0.05730655771188111 0.07754711124870503
0 0.7299081777753307 0.4534271002859411 0.07133434137714509 0.12187930810555195
0 0.5618452355720297 0.044948858558108665 0.09505952885594056 0.04186647642635144
0 0.586686489748381 0.16270143878956703 0.0696974303072194 0.07500430810555185