0 0.42208814620708707 0.13746155482918515 0.3401987075858258 0.2749231096583703
0 0.042080471160944585 0.3869296556274879 0.08416094232188917 0.1417656887450242
0 0.1957516795219627 0.422926869544202 0.12213342072720587 0.10627385771838505
0 0.4298646661037274 0.33234965460172367 0.185613732262828 0.17275570357377185
0 0.3819709793373926 0.48390949600848626 0.16309838217054295 0.13755303262324467
0 0.19632577113325797 0.5841999505708413 0.1248579025286086 0.1001511917107738
0 0.39103749383536207 0.5856165760465423 0.13735790252860855 0.10066052768032882
0 0.15266660626614825 0.6210433759699926 0.14218510487264707 0.12735036167271757
0 0.29212033004798654 0.6457502628144003 0.15863212523071263 0.09217686562705048
0 0.351355627703948 0.669829749962819 0.12451794108527148 0.07052735870696818
0 0.36908454581026023 0.6971589125103891 0.10809190468807692 0.05739068874502422
0 0.3778890468899944 0.7178388270351255 0.11328005243632351 0.06539418973360736
0 0.24830167643964374 0.7215606877192601 0.06812823874123301 0.041736513840164594
0 0.2772382048172738 0.7320697647915665 0.055227720542635694 0.03497717787060921
0 0.44205047887596727 0.6528876476816414 0.07311612739018099 0.046615014828747546
0 0.5585532657345872 0.4642469589366172 0.128122604872647 0.12677735870696819
0 0.5330142427556279 0.5587927963890471 0.11970932757475108 0.1170840237259961
0 0.005473540254705904 0.5350779955513757 0.010947080509411808 0.09859400889724856
0 0.07914756555001702 0.5523517257797123 0.08369268198597284 0.065747016805914
0 0.6217295959302319 0.22011761555268827 0.2043613371354752 0.2950763725471326
0 0.6141836135105203 0.035446774183106725 0.11850777297895938 0.07089354836621345