0 0.636064844568919 0.2276445759326314 0.43150468913783796 0.38666953425788286
0 0.8878141442724529 0.5584314166989944 0.14826944198043535 0.1427291181871082
0 0.6257321022496652 0.45073138956811337 0.23094470506402764 0.22723140606883502
0 0.6815179126177171 0.6209002394183323 0.19889106826055974 0.18418303667377883
0 0.8905582546263873 0.7390436879108218 0.15415542093374768 0.13698930121764635
0 0.6725362967197621 0.7336872818419868 0.16683743145709168 0.1411346672787225
0 0.9261500602268775 0.7803700606398578 0.14769987954624497 0.16820735030926065
0 0.783989007186636 0.8049879391187698 0.18816639988706071 0.13354530788560623
0 0.7178403624200731 0.8306896986616674 0.14608531570031094 0.10522911818710803
0 0.6986122202843459 0.8609990809336011 0.12789675782192056 0.08663861485312836
0 0.6889942965785878 0.8827625106301594 0.13460178413027996 0.09496129788366652
0 0.833298033424408 0.890654243211354 0.08131018415851443 0.0610647878817268
0 0.8005233307794548 0.9019745094222117 0.06513915258848364 0.05041433030538158
0 0.6162400650650264 0.8084004972942399 0.08774219468185844 0.06469997091226495
0 0.48405137841685014 0.5946732239563807 0.16039001038216938 0.1639344384905499
0 0.5143674809488641 0.701337683199716 0.14716196828879458 0.15041407242947358
0 0.9834697365634717 0.7046683010969602 0.033060526873056516 0.08517196757828494
0 0.40975922077845617 0.32035900804508566 0.27158365756780684 0.3642848669791602
0 0.4193107130977099 0.0972084215307864 0.14799642619541978 0.1380416181871082