0 0.12480705538929596 0.5855967257295907 0.2496141107785919 0.3774434514591814
0 0.36056511140329184 0.3329732462750224 0.3112516116270065 0.3762361489696703
0 0.554266644596771 0.41050994088572645 0.22439022905358286 0.337030093780867
0 0.39429134520753767 0.8507131628671175 0.28388362822374597 0.29857367426576503
0 0.4627849265408501 0.6534418794731458 0.13565592531467222 0.1500969336130419
0 0.6519900591142737 0.6347780803076273 0.09202432448483507 0.14834425684847724
0 0.6878370838088902 0.40020217076450193 0.12876730788809568 0.1821990385920639
0 0.4797816657669026 0.06621364399529289 0.1591866684661948 0.07109651784613938
0 0.6281114993753001 0.14109801267126926 0.1171194128671175 0.1719952444009226
0 0.8484813537296219 0.26072804151507073 0.10708248465266053 0.22405465186945542
0 0.7432610574638885 0.2598265471141481 0.0826008576783142 0.08548905933798814
0 0.8479583676270692 0.38169173695096736 0.05665366431701031 0.07109467261537983