0 0.5933527593354908 0.19523067319121604 0.3851694813290184 0.33839398056478504
0 0.3191168238665572 0.4474895758767081 0.38034561363426656 0.330281091915837
0 0.3859110373419633 0.6535579056109275 0.3412910219140972 0.2388154827242534
0 0.8462190661559195 0.5399271136581787 0.29545241639421 0.2951865962347737
0 0.6420576716758065 0.5862852722037669 0.15237279788867966 0.14554993676633482
0 0.6113320028459643 0.7782830050849039 0.15308981818121908 0.09721256631598418
0 0.36788596591433337 0.7900566101144343 0.18658415665497757 0.13837778685861987
0 0.03586181331325036 0.5400533035160577 0.07172362662650072 0.16760660703211538
0 0.10509168547552421 0.7004784662236991 0.17545574188232518 0.1267393800110746
0 0.21509042817192356 0.9406004233480996 0.22989778003177214 0.11618141424880087
0 0.22012457589844736 0.8314256824473982 0.08582049756436802 0.08821949568106362
0 0.3392409943245477 0.9524669725452206 0.07285684740221221 0.0608559592838688