0 0.5434522630663248 0.8281677935998953 0.5294461074450234 0.32119446713368094
0 0.03350736062399126 0.6783964505130902 0.06701472124798252 0.10570709897381966
0 0.5904736366028918 0.4792029635277773 0.32539275595208467 0.19164851823611145
0 0.7048199958895006 0.40556348214513827 0.23886539406758586 0.13659603590354177
0 0.6042515493599109 0.32678647834541613 0.16193155347041016 0.08488675911805572
0 0.7289237674289257 0.3285645710509716 0.1807908141140718 0.08688567021222245
0 0.6658717463937037 0.25983406126732583 0.12123014381548422 0.060540069338541794
0 0.5959198793134247 0.2786217352792703 0.08209123416055811 0.036229747150208345
0 0.5174506718880716 0.2742082986338884 0.06777736188449915 0.05461607123840277
0 0.4121133258430145 0.36401764067385384 0.14423060124083734 0.05483558320625015
0 0.4306719377275135 0.3105471485576385 0.14161905347041018 0.08441398043270851
0 0.3027490335204691 0.29948497483003444 0.12196211733238069 0.09331620174736122
0 0.37880878896835074 0.2602756980445483 0.12152507475773362 0.08706620174736121
0 0.47645396731271017 0.21354420877812458 0.10491672896477802 0.07264002583555565
0 0.6227444592669384 0.22963872141156197 0.12424588317182242 0.059050304520902853
0 0.6795625418183423 0.19789710572024247 0.0877620799535137 0.050401349923750074
0 0.773858845036651 0.18790255024940908 0.11127598960843983 0.07434799620027785