0 0.7761415926161842 0.31273461450356954 0.2658999093729982 0.312078560587388
0 0.7905633405474599 0.81744542529145 0.12327496268299924 0.12954763527271568
0 0.4342717186107753 0.3784485831841903 0.13668402936027152 0.20861982863402
0 0.3139870379535476 0.31809326887182465 0.08641130935708982 0.1813935551888033
0 0.3749132579169584 0.5827701528951407 0.06538973734881744 0.1189168659766839
0 0.32320530724859486 0.5991773255105205 0.05873974801081765 0.08406826929603177
0 0.28369900660409375 0.4390336535198406 0.07345677601845368 0.14138386182749904
0 0.2288762412874112 0.32063977364570945 0.06081132535009015 0.1279366684661949
0 0.23765980060473013 0.4378389290396497 0.03964430267345422 0.052959979254075584
0 0.26238653325909433 0.5265103427319598 0.03819089067472685 0.06221658008391273
0 0.20291263060950265 0.40534666036831785 0.04484088001272664 0.09706517676456468
0 0.18598821260345746 0.45112110165502955 0.040153380012726635 0.09670997925407558
0 0.29846838924254965 0.6455437626480472 0.04309656667727228 0.08132177759440165
0 0.35033033390359536 0.682983640447586 0.036519302673454226 0.05272318091374952
0 0.13505296861077531 0.4011220242704093 0.030323846674090583 0.05693708423309758
0 0.1497416299331849 0.48040678256877917 0.028797709341181442 0.05994368506293455
0 0.17445927192077637 0.5698594462610892 0.03820907200827235 0.06377908008391273
0 0.22093428258277661 0.6006824711561985 0.04743862133990877 0.051989475104890735
0 0.07877569661045714 0.40772814439627825 0.024037484006999676 0.05333848755244528
0 0.11783874395291125 0.33763986472728413 0.02883407200827235 0.06306868506293437