0 0.22883252004429858 0.6969682775961401 0.30067513263196827 0.30803423701106125
0 0.11064281307678166 0.2165347094149211 0.13623549352159503 0.12879893019392785
0 0.5429567743632353 0.6181707163114847 0.16437908235511323 0.2026455332781829
0 0.6696484847268381 0.6711065758885615 0.11267688001107459 0.17521028003177222
0 0.5569029511074207 0.42175936647364043 0.08074695712440043 0.11534435633066593
0 0.6033576465116288 0.4038412094116258 0.06770673658176456 0.08234094155801355
0 0.6738575185031391 0.5541236274306891 0.09298614126984166 0.1358477711033183
0 0.7503978369785915 0.6647122999139792 0.07978523442229637 0.12469208279171565
0 0.7182886389534897 0.5533384232907738 0.04392927513842757 0.05227161201270878
0 0.6770442728220758 0.46989863189491593 0.04755492288667416 0.06013865909060954
0 0.7576410356220021 0.582899238225582 0.06059514342931003 0.09314207386326175
0 0.7648935286821719 0.5377640162287591 0.05434514342931003 0.09303297970746058
0 0.6168100747969739 0.35803383157060437 0.05500647748246603 0.07899775324641087
0 0.5600699190291628 0.32504800770734243 0.04392927513842757 0.05227161201270887
0 0.8247784708471775 0.5832907504004465 0.037879534237726276 0.05528751785690744
0 0.7950223172388349 0.5086356237772411 0.03797966378737563 0.056850017856907444
0 0.7513841363325962 0.42437367207295773 0.04775518198597286 0.06326365909060953
0 0.7004631839885576 0.39695205559602204 0.053204145588778215 0.05087275324641087
0 0.876471378774457 0.5740481639552829 0.031529404688076926 0.05361592370110611
0 0.8535833937338516 0.6431021270236519 0.03984255243632333 0.06156479139585791