0 0.5421875 0.82578125 0.45 0.290625
0 0.059375 0.65703125 0.11875 0.0953125
0 0.578125 0.5203125 0.2765625 0.1734375
0 0.678125 0.4625 0.2015625 0.1234375
0 0.58828125 0.38671875 0.1390625 0.078125
0 0.6984375 0.39609375 0.153125 0.078125
0 0.640625 0.33046875 0.1015625 0.0546875
0 0.58046875 0.34296875 0.06875 0.0328125
0 0.51015625 0.334375 0.0578125 0.05
0 0.41953125 0.40703125 0.121875 0.0515625
0 0.43515625 0.36015625 0.1203125 0.075
0 0.32265625 0.3421875 0.1015625 0.0828125
0 0.38828125 0.3125 0.103125 0.0765625
0 0.4734375 0.27734375 0.0890625 0.0640625
0 0.603125 0.3015625 0.1046875 0.0546875
0 0.6515625 0.2765625 0.075 0.0453125
0 0.734375 0.275 0.0953125 0.065625