0 0.59453125 0.79921875 0.253125 0.228125
0 0.1453125 0.809375 0.1046875 0.10625
0 0.56484375 0.49453125 0.171875 0.1171875
0 0.628125 0.3890625 0.153125 0.071875
0 0.38828125 0.4421875 0.1 0.0546875
0 0.378125 0.39609375 0.06875 0.0484375
0 0.5234375 0.3625 0.11875 0.0609375
0 0.63359375 0.3140625 0.109375 0.0515625
0 0.528125 0.32109375 0.0453125 0.0328125
0 0.446875 0.3421875 0.0515625 0.0328125
0 0.56015625 0.29140625 0.08125 0.0375
0 0.5203125 0.27578125 0.08125 0.0328125
0 0.33828125 0.3734375 0.06875 0.0359375
0 0.30078125 0.41875 0.0453125 0.03125
0 0.56953125 0.2296875 0.0484375 0.0265625
0 0.49765625 0.2421875 0.05 0.0234375
0 0.415625 0.2640625 0.053125 0.0328125
0 0.38515625 0.30546875 0.040625 0.040625
0 0.56796875 0.1796875 0.0453125 0.01875
0 0.62734375 0.215625 0.053125 0.0234375