0 0.5491110855855016 0.7984201517809735 0.46115671037960515 0.32764573448912204
0 0.06107937095338617 0.669636103805107 0.12215874190677234 0.10567641935425698
0 0.5758973411446465 0.4902245080672798 0.2838760720123153 0.19598470388616018
0 0.6739081151487516 0.4247385951231637 0.20700449980360816 0.13929374813797324
0 0.5821433168459539 0.3563760469424094 0.14266928903121964 0.08943498924663303
0 0.6922677505891752 0.35671418714144637 0.15673178903121965 0.0900899607105858
0 0.6324796601318997 0.29623475951502193 0.10346134328594588 0.06261562406898662
0 0.5730183017206434 0.3138439445850445 0.07052157825883114 0.03921235731976358
0 0.5027421631569619 0.31086880190480803 0.059674981849627426 0.05432793507002263
0 0.4140200307416004 0.390761817206289 0.12376475292686635 0.061999193961362754
0 0.42835978669352864 0.3424505957423363 0.1239011083130606 0.08543669396136266
0 0.3151603499252452 0.33366425475751094 0.10518746974937895 0.09081339867609248
0 0.3801904522863774 0.2986128585626179 0.1067136083130606 0.08463617328319835
0 0.464006916083828 0.2564381670824545 0.09101588544042372 0.07140842721213972
0 0.594357491415793 0.2706739873891154 0.10658634328594588 0.06276117328319834
0 0.6421728226996863 0.24111061187238675 0.07684430113146803 0.05200345574818695
0 0.7250080485973853 0.2333473076957763 0.09727497579950324 0.07326202564056317