0 0.8258602551717956 0.5025080954354573 0.3198973928851242 0.33897756425790637
0 0.6916370349506973 0.9479360701894054 0.14517556699689216 0.10412785962118924
0 0.505641954509842 0.43701711072131555 0.17857457195929066 0.21781353558899424
0 0.41867495554329925 0.33798009144394364 0.1254838052100677 0.18290002471457942
0 0.3946572969424093 0.6015650889724857 0.08990587014004517 0.12218801779449713
0 0.34398520885306816 0.5971521615961679 0.07424232878371625 0.08724001482874755
0 0.3576946060814185 0.4372505795809455 0.10342471463952715 0.14457235376405234
0 0.34331323656054585 0.30907915863041846 0.09034251778268025 0.13156301779449714
0 0.31627123945603 0.419125320683697 0.0479323858558109 0.0580963428896375
0 0.3113054495474432 0.5089372371855998 0.05134848428423435 0.06447367688202625
0 0.29632476654433526 0.37682773273697545 0.0669392510334573 0.09785917984777566
0 0.2680520632773476 0.4124641438016708 0.06061647642635144 0.09604201186299796
0 0.3079727801931863 0.6309077376798914 0.058471779569504535 0.08347834486680376
0 0.34232635546224593 0.6831851620904595 0.0479323858558109 0.05809634288963732
0 0.23584318486513478 0.347750386387297 0.043390435070022625 0.061030341901054184
0 0.22517320450984196 0.4255888849044222 0.040192660462916766 0.05934050790866543
0 0.22095227729770223 0.5162138849044222 0.05134848428423426 0.06447367688202625
0 0.2533259756022911 0.5605833088206988 0.055599336641599176 0.05528967787060921
0 0.18408163172198164 0.3331175420147849 0.03521406203449331 0.052899506920082294
0 0.24042583106002788 0.28297030338349144 0.0419007096771284 0.0625291749048598