0 0.59765625 0.81328125 0.425 0.2234375
0 0.08828125 0.73203125 0.1203125 0.0765625
0 0.58046875 0.50625 0.2625 0.1328125
0 0.66875 0.43203125 0.1921875 0.0921875
0 0.5671875 0.37265625 0.1328125 0.05625
0 0.67734375 0.36328125 0.1484375 0.0546875
0 0.609375 0.30859375 0.0984375 0.0390625
0 0.5515625 0.33125 0.0671875 0.021875
0 0.48125 0.334375 0.0515625 0.0421875
0 0.4046875 0.421875 0.1203125 0.03125
0 0.41171875 0.3734375 0.1140625 0.0578125
0 0.29765625 0.375 0.09375 0.06875
0 0.3578125 0.334375 0.0953125 0.0625
0 0.43515625 0.28515625 0.0828125 0.0515625
0 0.5671875 0.28671875 0.1015625 0.0375
0 0.6109375 0.25390625 0.0703125 0.034375
0 0.6921875 0.2375 0.0890625 0.0515625