0 0.37592712452429894 0.22534952592293306 0.4404817144481868 0.2617651291071317
0 0.900510630455798 0.2962023547305024 0.1250583498097196 0.08807356909549373
0 0.438469522774594 0.5372434901672383 0.2742253616727176 0.1563128703131401
0 0.3614706240671884 0.6158311336490596 0.1991325197716635 0.109693219704317
0 0.4720698844473118 0.6739143138046598 0.13979201186299797 0.06747402667183913
0 0.36199188889593603 0.6859523150126078 0.15379084486680367 0.06705943849054989
0 0.43893373227986493 0.7397307613790656 0.1015916749048598 0.04722542848861018
0 0.4932564763483659 0.7161336357750916 0.06807883794672147 0.027359467578284936
0 0.5638727238769079 0.7102182177474629 0.05334517589344294 0.047959010001939716
0 0.6279259536109529 0.6196727082045651 0.12314833992388792 0.04119856909549391
0 0.6276195474891735 0.6694813895681133 0.1196068458553869 0.0689409318225902
0 0.7418902945234238 0.6647935027542518 0.09817751482874755 0.07809279121570664
0 0.6883315544092556 0.7071406283582257 0.10104784684397003 0.07209788273097573
0 0.6172497332684481 0.7589584777494025 0.086476010874415 0.05844997091226496
0 0.48416531923800327 0.7605533154716498 0.10471667490485981 0.04748052000387944
0 0.4451001606447658 0.7955183757731519 0.07483817391627667 0.040369650608823096
0 0.3656819160819733 0.8147310192549732 0.09272601087441483 0.058960153942803115