0 0.37145783505829005 0.16685190381230847 0.45575678299298633 0.22797636444504557
0 0.9031446203263614 0.24262661444175024 0.1291206601678251 0.0771546095770769
0 0.37603305558978867 0.48845021428288976 0.281702131123531 0.13443309577735912
0 0.28003254874131134 0.5681319857932452 0.2053046518694554 0.09408873944669302
0 0.38424552944527945 0.6278399967502939 0.14332487012586892 0.05867734496658024
0 0.2674957373287308 0.6406655048679687 0.15871307178554286 0.05582508035608367
0 0.33751131678794344 0.6974297479681099 0.10440408008391255 0.03927278003177204
0 0.3981178526807148 0.6718900056787476 0.0702891892121194 0.021512535713814885
0 0.4728101993613669 0.6669354987788887 0.05632177759440164 0.04311480032431163
0 0.5573170991562298 0.5737542889569305 0.12713118506293455 0.030306883116027094
0 0.5471599265408501 0.6252076948011291 0.12445647095570589 0.05678756249917605
0 0.6679460232215021 0.6210577573003053 0.10208456348717299 0.07044095941492116
0 0.602852896871856 0.6645117025117669 0.10473596680652086 0.06424550649282175
0 0.5190214259161501 0.7178082520252996 0.08984467261537983 0.0530625446422686
0 0.3796629279907426 0.7192871570587194 0.10741068091374961 0.03776482710967279
0 0.333189747076993 0.7544609979681098 0.07604228174358649 0.03565685633066593
0 0.24733475744995523 0.7725194768647914 0.09765717261537983 0.05319891233702041