0 0.6140625 0.8078125 0.415625 0.2015625
0 0.10078125 0.753125 0.1171875 0.0703125
0 0.58046875 0.50234375 0.2578125 0.11875
0 0.66484375 0.4234375 0.1875 0.0828125
0 0.56015625 0.36953125 0.13125 0.05
0 0.6703125 0.35390625 0.146875 0.046875
0 0.59921875 0.303125 0.096875 0.034375
0 0.54296875 0.32890625 0.065625 0.01875
0 0.47265625 0.3359375 0.05 0.0390625
0 0.40078125 0.42734375 0.11875 0.025
0 0.40546875 0.378125 0.1125 0.0515625
0 0.29140625 0.3859375 0.090625 0.0640625
0 0.34921875 0.3421875 0.09375 0.0578125
0 0.42421875 0.2890625 0.08125 0.046875
0 0.55625 0.28359375 0.1 0.0328125
0 0.59765625 0.2484375 0.0703125 0.03125
0 0.678125 0.228125 0.0875 0.046875