0 0.8026038630720128 0.3889187574481073 0.2813960006773687 0.46200781017246645
0 0.6562545697670191 0.9062047648917055 0.09232469810012063 0.12587760339082193
0 0.48796483095983734 0.39967659077993756 0.16926341361309588 0.28532968610347986
0 0.423469641000317 0.3068213107961482 0.11845783016686777 0.20814644789030412
0 0.3503010566495777 0.40920575620525296 0.07447545680654795 0.14219180810555193
0 0.3546344318189199 0.29677853081235883 0.07529432835784551 0.15781680810555185
0 0.2902576713034703 0.3652417404894873 0.05227955223856355 0.10530823821317573
0 0.30659532225341 0.4252695579006641 0.03024742198083885 0.0715496683207995
0 0.3004847631174414 0.4972537198113229 0.049822937584671045 0.05843323821317572
0 0.3804788003179997 0.5769176410276066 0.04553158525525038 0.1252568651776464
0 0.331792316826343 0.5690537911514412 0.07341092378986111 0.12187930810555195
0 0.31944172376917657 0.6857511395798646 0.08188516508343388 0.10512845574818694
0 0.28534004070706126 0.6226539801504052 0.07563516508343389 0.10483735731976367
0 0.2451078663513732 0.542696806452922 0.06396068068726617 0.09026543507002245
0 0.26308766169253184 0.407812384203181 0.05088082654882307 0.10836046360606985
0 0.23507552634642445 0.3623564890417453 0.042911196291098366 0.0752568651776464
0 0.22855993272343103 0.27849091129148623 0.0642882293077851 0.09651543507002262