0 0.56875 0.80625 0.2375 0.209375
0 0.11953125 0.77734375 0.096875 0.0984375
0 0.56484375 0.50078125 0.165625 0.103125
0 0.6375 0.40078125 0.15 0.059375
0 0.39375 0.4328125 0.096875 0.046875
0 0.3875 0.3859375 0.065625 0.04375
0 0.53515625 0.36484375 0.115625 0.0515625
0 0.64921875 0.3265625 0.10625 0.0421875
0 0.54375 0.32421875 0.0421875 0.0296875
0 0.4609375 0.33828125 0.05 0.028125
0 0.578125 0.296875 0.0796875 0.03125
0 0.53984375 0.278125 0.08125 0.0265625
0 0.35 0.36015625 0.0671875 0.03125
0 0.30859375 0.40234375 0.0421875 0.028125
0 0.59296875 0.23671875 0.046875 0.021875
0 0.5203125 0.24296875 0.05 0.0203125
0 0.43671875 0.2578125 0.0515625 0.028125
0 0.40234375 0.29609375 0.0390625 0.0375
0 0.5953125 0.18671875 0.0453125 0.015625
0 0.6515625 0.22734375 0.053125 0.0203125