0 0.18936456537301588 0.583652271311901 0.36237481849627384 0.5260817445232167
0 0.3261448643631847 0.05428184580379375 0.1131272347764936 0.1085636916075875
0 0.5253611527070333 0.5840337383880245 0.21591693325224207 0.3249785826073072
0 0.5986173664062882 0.6850446574300699 0.15447037314378348 0.2357054824490227
0 0.6722270623479538 0.5781976123654925 0.09779312626704133 0.1606312746106063
0 0.6729270199970843 0.6985101123654924 0.09944652985783761 0.17630173871722885
0 0.7389332941975811 0.6278278878340285 0.06942268657189174 0.11762542069139795
0 0.718243544295777 0.5635751712201233 0.042642017953980725 0.07935253087881229
0 0.7209231167008758 0.48692174300687796 0.059765885440423536 0.06891513605166182
0 0.6328867855151783 0.39728023297774817 0.06798745159900647 0.1394549565847753
0 0.6853032583878151 0.4082571854058884 0.09298745159900648 0.14018238229073815
0 0.6931788700205255 0.2845696328194636 0.10069086729005097 0.12165970282385156
0 0.7326368006404889 0.35140178015389656 0.09444086729005097 0.12147784639736088
0 0.7792532462875668 0.4399043390085275 0.07872496369925486 0.10539820533113406
0 0.7660225141433519 0.5832822659681316 0.06944086729005097 0.12075042069139794
0 0.7983492008134394 0.6331315017823667 0.05674996974937905 0.08757420783841638
0 0.8082423512809775 0.7219212171426305 0.08188632513557295 0.1117391335443795