0 0.2072951186299809 0.5646453973583625 0.27577722729976806 0.2905726453691802
0 0.23457527125453828 0.10346299669795311 0.12677735870696819 0.1217306440165447
0 0.5232702871090501 0.5769117767345423 0.1500185405319101 0.1938420013526354
0 0.6272030534206725 0.6554282227482234 0.1004987015966055 0.1667158800127268
0 0.5927339170333754 0.40358391207826916 0.07320668973360753 0.11017497867599957
0 0.6401673325466951 0.3986696927514052 0.060995849809719616 0.0787977093411815
0 0.6628129481737455 0.5519855967536323 0.08178319368794007 0.12901588534372674
0 0.7036209733826164 0.6719350174251776 0.0720261917107738 0.11953179734245403
0 0.705414283649009 0.5626327427593594 0.04109984387822045 0.05045453333863605
0 0.6901938488583175 0.4765588827577686 0.04291701186299797 0.056722714672181596
0 0.7334729580595771 0.5996605754296319 0.05206651878308026 0.08962612133990877
0 0.7521937831547174 0.5608344327657228 0.04731535178688588 0.0880090773392725
0 0.6667324911399325 0.36071570675522324 0.04843218281352524 0.07708975867281787
0 0.6235435652464896 0.3164839014162689 0.03953734387822046 0.05043635200509069
0 0.7958920450177155 0.617566238104677 0.03653967787060921 0.05352498933799978
0 0.7889297792003847 0.5425207847708134 0.03347834486680377 0.055051126670908876
0 0.773677510911596 0.4556656747692226 0.042980678859192524 0.0582852146721816
0 0.7331188365010277 0.4184923914305864 0.0487850098858317 0.047420440006363404
0 0.8468642960062986 0.6228446314449039 0.026973676882026253 0.04872840133672725
0 0.8054063078692968 0.6785855541056315 0.03360567885919252 0.05817612667090888