0 0.7309525763021891 0.5265950544239937 0.12394778896022593 0.12158667211208343
0 0.5298946367727705 0.49299738516170183 0.13938187418757336 0.111012848023889
0 0.29674162297634804 0.8205184006449308 0.17164099512873604 0.16955269984750032
0 0.5918302061751008 0.9215620092602258 0.19825804220663662 0.15687598147954845
0 0.18102866842939563 0.5989862799196182 0.21648984496658027 0.14404485999173638
0 0.30504641558672657 0.3447371506449308 0.1374375446422687 0.08910148043270842
0 0.1761520280064725 0.4753851257593057 0.12302048863591426 0.06846167211208343
0 0.0542541140478943 0.8320689240119445 0.08375916558343126 0.14564111474138883
0 0.599174290992116 0.28514982399128525 0.10588753571381489 0.07118662860909737
0 0.5756492418856205 0.37917192771475744 0.0808329886359143 0.06747974715020844
0 0.7053794265437752 0.2454171363959728 0.08201365909060954 0.04564111474138901
0 0.7416266181017888 0.18373540719753537 0.10084547970746058 0.050765025835555644
0 0.5819203814944695 0.15422647910152826 0.23439436525911966 0.09604377108590297