0 0.8583729397562301 0.5144800429404208 0.25182542794496676 0.2454468208208084
0 0.7709473839432657 0.22719912179491136 0.1714087524470708 0.175271557737216
0 0.44812243131870966 0.6303744136059375 0.1169196598887993 0.13311487884037304
0 0.5215029115332619 0.44911743735404797 0.07449405771188111 0.07918624203690498
0 0.44060757559841235 0.44369346096098417 0.08350695916315995 0.11401626834526421
0 0.5791641664274032 0.11518278213472846 0.1179762176006804 0.20802387357870128
0 0.46483877159954634 0.10702791886760936 0.07267858656782167 0.11650423151356133
0 0.3211482805852211 0.22532913978723984 0.1051289880191005 0.15269933674699834
0 0.3200123334029607 0.48112411347888057 0.03930060217691826 0.05374662628012441
0 0.25514873603536586 0.5301223265765904 0.0473313569862416 0.06045165258848364
0 0.22865072342149415 0.5074961686558479 0.05941469473518968 0.09390118942018652
0 0.17300586943047738 0.6050760949218548 0.0462053666048885 0.0728606473268119
0 0.11499247278852195 0.6365227869728772 0.04318949400955026 0.07580363680346806
0 0.17173357922660948 0.37359087649188594 0.04642362141421197 0.07911064732681172
0 0.08944189048186961 0.5421126343138065 0.07429565027015247 0.11815773677523325
0 0.11619041815668378 0.4236055580195647 0.0858333509957919 0.13598227360693613
0 0.07649051189608154 0.46646018693052493 0.02296627404661713 0.032524073663405775
0 0.022509850826155867 0.516383863196532 0.04124504809323423 0.06477513154179633
0 0.04394336280705542 0.6617117737481105 0.026964293283910812 0.05770608418674961
0 0.01265620694775727 0.6682648816123834 0.02531241389551454 0.062393584186749604
0 0.006438450640821401 0.6340641868599379 0.012876901281642802 0.04088260523343692