0 0.3197694928787146 0.8111367373368438 0.3829645024685419 0.3618404172311404
0 0.6318714090068743 0.7112883870435882 0.30749041736243077 0.27049172094004204
0 0.8505109998125686 0.7716172981702931 0.11784342306201409 0.1013721494796016
0 0.7600003282691661 0.5032568017883376 0.2519651563445141 0.1645825576656305
0 0.8145806851267704 0.404419832091491 0.13466724715020817 0.08664790818602892
0 0.7330793780404165 0.2518514320460625 0.1594867156150695 0.14725121551297518
0 0.4815149184092705 0.36569368328925794 0.15883209897381967 0.11912621551297517
0 0.4495544439604856 0.46490578923672315 0.16980596656499997 0.12126192559888338
0 0.2725938600886455 0.3906881184990798 0.21370274335048628 0.1969103787873868
0 0.4527567516155206 0.2267473699694178 0.11998649810013902 0.05934842378986112
0 0.41743815387597205 0.16851546811496698 0.10181837955902787 0.08336577792830413
0 0.44360191679374983 0.11720527363289097 0.1456774823325695 0.09034611827193717
0 0.3318481056233333 0.05751709237979798 0.10646951196784729 0.08204893939369337
0 0.3143346037234722 0.015364971167184726 0.13383079255305558 0.030729942334369452
0 0.510609538468993 0.037870734961994654 0.2787809230620139 0.07574146992398931
0 0.5948923130702777 0.08742816316286992 0.12045927678548622 0.07966092378986114
0 0.7031554886977428 0.28976742763504837 0.5936890226045144 0.5795348552700967