0 0.33671875 0.51171875 0.0984375 0.096875
0 0.5140625 0.46640625 0.1140625 0.0828125
0 0.746875 0.740625 0.1359375 0.134375
0 0.49453125 0.884375 0.159375 0.1796875
0 0.8328125 0.5359375 0.18125 0.10625
0 0.70234375 0.31875 0.115625 0.065625
0 0.828125 0.42578125 0.1046875 0.0484375
0 0.9640625 0.73359375 0.0609375 0.1203125
0 0.4359375 0.28671875 0.0875 0.053125
0 0.4640625 0.36796875 0.065625 0.0515625
0 0.3390625 0.259375 0.0703125 0.0328125
0 0.30078125 0.20703125 0.0875 0.034375
0 0.44140625 0.16875 0.2046875 0.0578125