0 0.40046952958519666 0.10525838297750034 0.23843905917039337 0.1974244331300002
0 0.16129168714643577 0.2876662670018404 0.18076867080279085 0.17580269984750013
0 0.6806640360414845 0.442490851726702 0.13766352698730663 0.11708101006798621
0 0.4781399695816241 0.44635681487322953 0.08024451089576327 0.07674564437666671
0 0.5074229140175269 0.5304960787409378 0.12119729282674854 0.08237870174736113
0 0.1416722278794973 0.5313428786090973 0.21713250569998319 0.11581075721819474
0 0.18049941711962003 0.6515832966371182 0.12344820767745461 0.06995143692972228
0 0.35413329509566244 0.7476621288934377 0.16011768119435105 0.10356402393569457
0 0.5952121271428631 0.6370565096867365 0.057528276735205 0.0418978656913195
0 0.6685839251653917 0.6824430512898616 0.06555929802252862 0.04520470364722229
0 0.6595420609351043 0.7204515443560074 0.09902736188449897 0.05534342306201392
0 0.7751506354407363 0.7340620623077785 0.07649679802252862 0.045459276785486225
0 0.8313895637850959 0.7798298104079173 0.08085651609154318 0.04088087955902786
0 0.5568537395315653 0.835838195382188 0.0842000373788668 0.044078614741388834
0 0.7518220321062121 0.8466159604841673 0.12501070767745456 0.06998780452090295
0 0.6302419630484616 0.8703054207809032 0.14307229282674855 0.08288784802388918
0 0.6864044817378951 0.8926720364722229 0.03590464901126431 0.022675087005972473
0 0.7573943249329605 0.9263034604841673 0.06980975544788173 0.03906380642076392
0 0.8833069788879033 0.8418765219389244 0.06268567029858758 0.026418336056041623
0 0.9041875614393075 0.8727816830330909 0.06581067029858759 0.02649107123840295
0 0.8789743939907112 0.9026140001874312 0.04281021287323483 0.03219555737069442