0 0.5109375 0.88046875 0.171875 0.196875
0 0.759375 0.73125 0.1265625 0.128125
0 0.34609375 0.52265625 0.1 0.0828125
0 0.98046875 0.7203125 0.0390625 0.0671875
0 0.521875 0.54921875 0.05625 0.05625
0 0.515625 0.4734375 0.0921875 0.053125
0 0.834375 0.52734375 0.178125 0.0640625
0 0.82578125 0.41953125 0.0984375 0.040625
0 0.69765625 0.3125 0.1234375 0.065625
0 0.4640625 0.3703125 0.04375 0.0265625
0 0.4109375 0.32109375 0.0484375 0.0296875
0 0.42734375 0.290625 0.078125 0.0328125
0 0.33046875 0.26171875 0.0609375 0.028125
0 0.29296875 0.21484375 0.065625 0.021875
0 0.5421875 0.2078125 0.0671875 0.025
0 0.37578125 0.16953125 0.1 0.040625
0 0.48671875 0.1671875 0.1125 0.05
0 0.44296875 0.13984375 0.0265625 0.0140625
0 0.38984375 0.10078125 0.0546875 0.0234375
0 0.2609375 0.1546875 0.0515625 0.0125
0 0.25 0.125 0.0546875 0.0125
0 0.27890625 0.10390625 0.03125 0.021875