0 0.5075524711671847 0.12720947813719424 0.30364505766563055 0.2501283067888089
0 0.7399444900503773 0.2707923482559155 0.2488889586155702 0.18889082493918155
0 0.9410942322484612 0.2649292093976464 0.09430992198083885 0.07083974082661779
0 0.7842323213488988 0.4695480108237021 0.2098463907731743 0.09962833703942983
0 0.7996725356186786 0.5626349354917372 0.11215916327441153 0.0537613251355733
0 0.6852647976044661 0.6729406555357038 0.12727955223856355 0.1038340480082102
0 0.5085053030315331 0.5265554931643088 0.13065685775648744 0.0788613190854491
0 0.510788177296364 0.4382606076256895 0.13986808344622795 0.0757908612399266
0 0.3406051520815934 0.4646225988450907 0.16978795680654796 0.14000789734428026
0 0.44253506501732076 0.6371430143397436 0.10311835594746518 0.030278373340175156
0 0.3950525554063823 0.6782856439264346 0.08427982473980081 0.058285198672140125
0 0.40114874717492494 0.7259918909013725 0.12153416327441154 0.053815867290050966
0 0.28877822196015424 0.7526902254067197 0.08724105042954129 0.05517837939029935
0 0.2528540100652237 0.8118743278660479 0.11265048620519007 0.0631363251355733
0 0.24628642752350674 0.8626328519683486 0.06027575870642732 0.017532933645025395
0 0.23037814450681995 0.8828589935570925 0.08090916327441153 0.05357951795398108
0 0.2993085289484162 0.9543754452542945 0.10023901741285454 0.034947692622015934
0 0.37931361149013315 0.9040441680287357 0.10253850180902227 0.04901928298109546
0 0.42313221054019345 0.8433430173648055 0.24101450361804472 0.09824764422102206
0 0.5186361403229485 0.7805980985505032 0.10097600180902226 0.04901019262201593
0 0.6984708045018712 0.7042770139469601 0.5568740355030777 0.5218316317279903