0 0.3716231944102114 0.4831998820225779 0.12606743776222684 0.11786927693097127
0 0.5575723498041517 0.4741299299325924 0.1376202444009227 0.10544199980360816
0 0.7623129296875717 0.7954923664062882 0.17469511452679143 0.16188289734428024
0 0.48828527906751606 0.889168601771957 0.21297728714217126 0.21364538524403187
0 0.8746083296829272 0.6079474354917371 0.21233682448483507 0.1433601563212708
0 0.7670755591374956 0.363679285024199 0.13643625269929238 0.08981699980360824
0 0.881767789016271 0.49631958908253343 0.11927206348717334 0.06941359621281222
0 0.9678926979346963 0.8318985407797357 0.06421460413060735 0.13170451795398072
0 0.49896325394869223 0.277781649878363 0.10532796265733602 0.07089428298109546
0 0.5180936074778215 0.36535437275099997 0.08153526514684692 0.0660704275949012
0 0.404064228428883 0.23115611387220536 0.08011447510489074 0.0473204275949012
0 0.3706588099626881 0.17161294222923246 0.09921967261537983 0.052117011903856716
0 0.5190487657715469 0.16154357152133597 0.22464664772027057 0.09970105991206686