0 0.47421875 0.87265625 0.2859375 0.2546875
0 0.72421875 0.753125 0.2328125 0.1828125
0 0.9203125 0.78046875 0.090625 0.0671875
0 0.79765625 0.56328125 0.2015625 0.096875
0 0.82734375 0.47421875 0.1078125 0.05
0 0.73203125 0.35390625 0.1203125 0.1
0 0.5359375 0.47734375 0.1234375 0.0765625
0 0.52578125 0.5640625 0.1328125 0.075
0 0.3625 0.5203125 0.159375 0.1359375
0 0.48828125 0.3625 0.0984375 0.03125
0 0.4484375 0.3171875 0.078125 0.0546875
0 0.46171875 0.27109375 0.115625 0.053125
0 0.35546875 0.2328125 0.08125 0.053125
0 0.3296875 0.17109375 0.10625 0.059375
0 0.33125 0.12109375 0.0578125 0.0171875
0 0.31796875 0.09921875 0.0765625 0.0515625
0 0.39765625 0.03671875 0.0953125 0.034375
0 0.46796875 0.09453125 0.0984375 0.0484375
0 0.50078125 0.15859375 0.2296875 0.09375
0 0.5859375 0.2296875 0.096875 0.046875
0 0.7453125 0.3265625 0.509375 0.509375