0 0.4578125 0.878125 0.1984375 0.21875
0 0.725 0.76484375 0.14375 0.14375
0 0.34453125 0.50078125 0.1109375 0.0953125
0 0.9453125 0.78515625 0.0484375 0.071875
0 0.51484375 0.5515625 0.0640625 0.0625
0 0.51953125 0.47578125 0.0984375 0.065625
0 0.82734375 0.5734375 0.184375 0.0875
0 0.83359375 0.465625 0.103125 0.0546875
0 0.721875 0.3421875 0.13125 0.08125
0 0.4828125 0.36640625 0.046875 0.03125
0 0.43671875 0.31015625 0.0515625 0.0359375
0 0.45703125 0.2828125 0.0828125 0.04375
0 0.365625 0.240625 0.0640625 0.0359375
0 0.334375 0.1890625 0.06875 0.03125
0 0.5828125 0.21640625 0.0703125 0.034375
0 0.42265625 0.15546875 0.1046875 0.0546875
0 0.5328125 0.16875 0.11875 0.065625
0 0.49375 0.13515625 0.028125 0.0171875
0 0.44609375 0.0890625 0.05625 0.03125
0 0.3109375 0.125 0.0515625 0.01875
0 0.3046875 0.09375 0.0546875 0.01875
0 0.3359375 0.07734375 0.034375 0.0265625