0 0.5171875 0.88046875 0.1765625 0.1984375
0 0.76328125 0.7265625 0.128125 0.1296875
0 0.346875 0.525 0.1015625 0.084375
0 0.98203125 0.71171875 0.0359375 0.0671875
0 0.52265625 0.54921875 0.0578125 0.05625
0 0.51484375 0.4734375 0.0921875 0.0546875
0 0.83515625 0.521875 0.178125 0.065625
0 0.82421875 0.4140625 0.0984375 0.04375
0 0.69453125 0.309375 0.125 0.0671875
0 0.46171875 0.37109375 0.04375 0.0265625
0 0.4078125 0.32265625 0.0484375 0.03125
0 0.4234375 0.2921875 0.0796875 0.034375
0 0.3265625 0.26484375 0.0609375 0.028125
0 0.28828125 0.21875 0.065625 0.0234375
0 0.53671875 0.20703125 0.0671875 0.0265625
0 0.3703125 0.171875 0.1 0.04375
0 0.48125 0.1671875 0.1140625 0.0515625
0 0.43671875 0.140625 0.0265625 0.0140625
0 0.3828125 0.103125 0.0546875 0.025
0 0.2546875 0.15859375 0.0515625 0.0125
0 0.24375 0.1296875 0.0546875 0.0125
0 0.271875 0.1078125 0.0328125 0.021875