0 0.5513937311412244 0.899726098242402 0.21734130054030487 0.20054780351519597
0 0.7754016939325814 0.7425924255383868 0.153730179126093 0.16281042116548736
0 0.3321923856725462 0.5813273132866804 0.11917164065150558 0.1103240385920639
0 0.9733506098118305 0.7043265213938463 0.011939494009550345 0.07414789502097818
0 0.510562922333035 0.5877935686852652 0.06947917549789598 0.07071616431700996
0 0.4927876344914198 0.5135981294731458 0.10401786660488846 0.07800844606059662
0 0.8188689848542395 0.5296906064521363 0.19088294954451293 0.11108290041956295
0 0.7928645347615723 0.4219722722190388 0.10837798439090349 0.06898864357108572
0 0.6488268472827767 0.3295927502237146 0.13748513103285873 0.0992448286340201
0 0.4257216747801057 0.4153014168158097 0.049637901451278846 0.038045374275053764
0 0.36455848548721176 0.37228420000928875 0.05448909255827132 0.04308807178554286
0 0.3758605732361597 0.34024129461534847 0.08762897477225655 0.054949454358966324
0 0.27543398730131025 0.3224482981398334 0.06693452885594056 0.042472765146847016
0 0.2307043298595816 0.2798930226200242 0.06995040145127884 0.039584563487172986
0 0.47714530944116157 0.2437349927505374 0.07318452885594055 0.042946361827499044
0 0.30626981425048505 0.22452028361768633 0.1099404843909034 0.06910704274124865
0 0.4164905516366133 0.20858947552909796 0.12589286660488846 0.07966603444287887
0 0.3678992842134181 0.18689115166896272 0.028779764427970277 0.02088118506293446
0 0.30872518085537354 0.15420778361768633 0.05901290145127884 0.03875576929603186
0 0.18883677758999617 0.22267159585545954 0.05388889183263199 0.025900571785542857
0 0.17413936052962073 0.19492510415382927 0.05701389183263199 0.02613737012586883
0 0.19850444346924526 0.17013859170627463 0.03686508293962456 0.029285680913749522