0 0.49375 0.87578125 0.275 0.2484375
0 0.73671875 0.740625 0.2265625 0.1734375
0 0.934375 0.7578125 0.0875 0.0640625
0 0.80078125 0.54765625 0.1984375 0.0875
0 0.82578125 0.45703125 0.10625 0.0453125
0 0.72421875 0.3421875 0.115625 0.0953125
0 0.53515625 0.475 0.121875 0.0703125
0 0.52890625 0.5625 0.13125 0.06875
0 0.36328125 0.52734375 0.1546875 0.1296875
0 0.48125 0.36328125 0.0984375 0.025
0 0.4390625 0.3203125 0.0765625 0.0515625
0 0.45 0.2734375 0.115625 0.046875
0 0.3421875 0.240625 0.0796875 0.0484375
0 0.3125 0.18046875 0.1046875 0.0546875
0 0.31171875 0.13046875 0.0578125 0.0140625
0 0.29765625 0.109375 0.075 0.0484375
0 0.3734375 0.04296875 0.0953125 0.0296875
0 0.446875 0.096875 0.096875 0.04375
0 0.48359375 0.15859375 0.228125 0.0828125
0 0.571875 0.22578125 0.0953125 0.0421875
0 0.74609375 0.31171875 0.5078125 0.4859375