0 0.4965607558870144 0.6746181203179036 0.10716049620027786 0.10990576805616747
0 0.5486102991056601 0.49611366360181447 0.09349803970326391 0.1266021947351895
0 0.27236988174322935 0.23198664309857636 0.15032992116215294 0.1535664880191005
0 0.11654268151447958 0.47946429990733275 0.19626067021222235 0.18171133538669526
0 0.4869759359797918 0.1621999658713999 0.1232232137152085 0.19633434137714506
0 0.7067825557551739 0.31585078864422345 0.0778366721120836 0.12449405771188111
0 0.5997305091180557 0.1770660524392215 0.05883209897381967 0.11290179328391084
0 0.28555629350298617 0.027145375675381188 0.1273625870059723 0.03879465988879932
0 0.7319696193941324 0.5930680530721937 0.061557055470833434 0.09582342068857237
0 0.6491564661837504 0.5566097086998237 0.05792290919430556 0.07383929328391084
0 0.7569715790252782 0.694640476755991 0.039209276785486226 0.07474702885594056
0 0.8095341877827437 0.7394098289329094 0.04120818787965277 0.09355159255827132
0 0.8538628031897227 0.5981052718540004 0.07529485999173638 0.21651786660488845