0 0.1103996745847172 0.48135252467700224 0.2207993491694344 0.3747949506459955
0 0.1897289104005148 0.7666613641288291 0.25622422578442305 0.307407191546697
0 0.159043707595051 0.9662503539497964 0.08687823874123302 0.044469495681063266
0 0.41793545111664604 0.8236170612310805 0.1487330983942421 0.2569485117201921
0 0.5255081192229583 0.8447329927556279 0.07716088217054295 0.1356557001845701
0 0.6694059184200792 0.7118029719361368 0.13783756631598418 0.15977312307124442
0 0.5197120087947569 0.4980978246493157 0.10981269586563354 0.15953329117755644
0 0.4153248974437048 0.5001190044758201 0.112176232262828 0.17213342072720578
0 0.46710385024916856 0.29917826573458717 0.1879167119047624 0.21277700956072393
0 0.657561264654853 0.4231304981542987 0.05302247532299766 0.12321625693983033
0 0.7116467897932806 0.36831378779069573 0.07818316162790725 0.1030434592838688
0 0.7663145033960861 0.37725918877814485 0.08098678901808824 0.1467934592838688
0 0.8121753207918043 0.2443873295865612 0.07525842072720579 0.1059682001845701
0 0.8863533004337387 0.2038438703026924 0.08976101172019213 0.13801923658176474
0 0.9458784947582126 0.1976951974160182 0.029505829734219446 0.0719145727943891
0 0.9547423550295306 0.1807882996677716 0.03872014342930967 0.09429022054263574
0 0.9596837715946833 0.35864318939645373 0.03427247532299767 0.12201470234403847
0 0.902242708979327 0.40511647363418 0.14937344848652714 0.29122338217054294
0 0.8179399552786991 0.5186666363418213 0.07167234577334831 0.12285531153562221
0 0.6669212685123643 0.6777283605850849 0.6088833605758598 0.5898725447213007