0 0.33671875 0.50859375 0.1 0.0984375
0 0.5140625 0.46640625 0.115625 0.0859375
0 0.74296875 0.7453125 0.1390625 0.1375
0 0.4875 0.884375 0.1625 0.1828125
0 0.83203125 0.54140625 0.1828125 0.109375
0 0.70546875 0.321875 0.115625 0.0671875
0 0.82890625 0.43125 0.1046875 0.05
0 0.96015625 0.74140625 0.0625 0.121875
0 0.43984375 0.2859375 0.0890625 0.0546875
0 0.46640625 0.36796875 0.0671875 0.053125
0 0.34296875 0.25625 0.0703125 0.0328125
0 0.30625 0.203125 0.0875 0.0359375
0 0.446875 0.16796875 0.2046875 0.0625