0 0.4997766748649658 0.66171875 0.1167537017473613 0.115625
0 0.4814409829012504 0.478125 0.10770601006798622 0.1296875
0 0.7927564233463544 0.29296875 0.16312086189159736 0.1609375
0 0.8957531569616496 0.5703125 0.20849368607670088 0.1921875
0 0.6000941850298613 0.171875 0.14371755167111128 0.2
0 0.3623961229095142 0.2640625 0.08888327488562506 0.1265625
0 0.4888293767092362 0.1578125 0.06824346656499998 0.1125
0 0.817388828172257 0.07578125 0.13314111474138884 0.08125
0 0.2910893930454866 0.5234375 0.07260365824437506 0.0984375
0 0.37669958472486154 0.509375 0.06428201196784729 0.0765625
0 0.24790439712954915 0.61484375 0.04709451196784729 0.0765625
0 0.18920219756638942 0.64375 0.05214568787965286 0.0921875
0 0.17330182779100736 0.49765625 0.09876872758291685 0.215625