0 0.8406975117289424 0.4722635215037648 0.25737472946898093 0.22141489853730273
0 0.6807662287895511 0.7682736765371846 0.17041032500983527 0.16059440097293454
0 0.4272573606239913 0.3219036424482227 0.11320983020561534 0.1237023271096728
0 0.4644356604881052 0.5173212824641087 0.07522922896477802 0.07153980925276535
0 0.3783342695226127 0.5181649878218402 0.0780700056999832 0.11216480925276535
0 0.4520788640550606 0.8730082207757114 0.1068284262506726 0.21098413879807013
0 0.32842284276773703 0.8739786111986347 0.06600704827463008 0.11819662094116268
0 0.2024444868353228 0.7403694500794302 0.09944226114786484 0.14999209172016936
0 0.2589012085106338 0.4699302650142384 0.039652361884498964 0.05375229139585791
0 0.2009519507169637 0.41494671022569996 0.04466764381548423 0.05852161201270878
0 0.1666098017056994 0.4362489659077428 0.053212117332380605 0.09144320616851029
0 0.12950827547469737 0.3292216700476581 0.042525989608439826 0.0725295649348082
0 0.07499002027891728 0.29228868587597073 0.038166271539425 0.07713524431795715
0 0.0771434740979741 0.5747017654212755 0.04150979282674849 0.08031479139585791
0 0.029851936932771522 0.3900034370937867 0.059703873865543045 0.1181966209411626
0 0.033957787795456454 0.515194351866439 0.06791557559091291 0.13401253571381488
0 0.0029345218299638557 0.4692409237011061 0.0058690436599277114 0.03313978246740419
0 0.009129527529947041 0.2613602398537303 0.018259055059894082 0.06129205600635448