0 0.5310422694259898 0.8590986530825937 0.22545628469915152 0.23884821032569975
0 0.7934945997785181 0.720698492813364 0.16127506631598418 0.16039001038216938
0 0.37863585363602936 0.4876548345396854 0.12203329117755653 0.10673438936371689
0 0.9955556384920644 0.7200482325017817 0.008888723015871135 0.07809417889684286
0 0.5573709253506843 0.5235104926016024 0.07139294108527139 0.0695382262518894
0 0.5547081978682182 0.4452489847090947 0.10606832973421945 0.07622784200867017
0 0.8783843321982296 0.5157919139588734 0.19683303207825772 0.10797764192396571
0 0.8736689489479523 0.40549915606636555 0.11161742288667398 0.06565436305535748
0 0.7471088440753053 0.2905405559534261 0.14310725478036196 0.09550846302712275
0 0.5062428146179412 0.3375043741433986 0.0505402205426357 0.03563366311182729
0 0.4526882156053903 0.28494779251689784 0.05719073874123311 0.042247684158514695
0 0.4711483189368778 0.25485847411516377 0.08894138648947951 0.0518802893919517
0 0.3732825154208201 0.22056604507714658 0.0696907387412331 0.0429757262518895
0 0.33638449028239253 0.17096015820309135 0.07407785009228504 0.03856124203690507
0 0.5930547948781844 0.174830797919744 0.07584060919158375 0.0417772472985769
0 0.42304388109080887 0.12827285828779594 0.11317992288667433 0.0657453683170294
0 0.5369759731635294 0.13183122681658685 0.1280434592838688 0.07906441567207607
0 0.493416937846069 0.10064911625089086 0.030889054595791877 0.020479099971765134
0 0.4405131809062387 0.058248784624390024 0.06147772054263569 0.03627069994353027
0 0.30644786397194573 0.10761799502067682 0.05442668414544123 0.02340667889684287
0 0.29736395820413464 0.07599626869820016 0.05755168414544123 0.02358868942018657
0 0.3267312831579921 0.05703416609559908 0.037839961443337164 0.03178062101845254