0 0.4981999388193863 0.9035360306029621 0.22571887749004843 0.19292793879407596
0 0.7795852485914874 0.8184163995001528 0.16424286661563361 0.16516273531769166
0 0.35503494026508003 0.5226050159206534 0.12457818874502422 0.11029114474715093
0 0.9943773300752372 0.8448120413518196 0.011245339849525493 0.08165241439185814
0 0.541510951139495 0.5827549195591446 0.07311384783255317 0.07202485731976367
0 0.5412934338392894 0.5008692187733563 0.11074118182494193 0.07689644789030421
0 0.8781487880976332 0.615588960086904 0.20238485376405252 0.10611737510244393
0 0.8781249303792483 0.5001822839082216 0.11498301285158127 0.0661772717116218
0 0.7501524861970166 0.36400072725041177 0.14588018577927464 0.09724748924663303
0 0.49592524262280724 0.3825708289886041 0.051464340912470874 0.03826628742738745
0 0.44272464676742035 0.3208306542576637 0.05784167490485981 0.0416823858558109
0 0.4626087238397269 0.2921256114535928 0.09259867688202608 0.052658427212139716
0 0.361607297946284 0.24375442390237084 0.0703416749048598 0.04226458271265772
0 0.32500395307948027 0.18746588254604196 0.07490184091247105 0.039357906533975306
0 0.5931782915204933 0.22412909036114362 0.07659167490485981 0.04255568114108117
0 0.41800719517081486 0.15436874627594635 0.11654551285158128 0.06625004631872758
0 0.5364534476422728 0.17158197911243858 0.13261618182494211 0.0779152923897862
0 0.492833440227899 0.13446081472058044 0.032014003954332716 0.020205492142117178
0 0.43848417984777566 0.08280411538253421 0.06083934091247105 0.03870293507002258
0 0.29567193874502423 0.1182599642252424 0.05714133794672147 0.024494885855810854
0 0.2872718483268448 0.08433872849326604 0.06026633794672147 0.02464043507002258
0 0.3201015943725121 0.06715338254604197 0.03864600593149907 0.029871590570540583