0 0.5370310211878617 0.13888740178700887 0.3509379576242765 0.27777480357401774
0 0.7832550318523797 0.2735359480574259 0.28167274715740265 0.22656604869945846
0 0.9634885634224108 0.26102449107813686 0.045175263083592654 0.07883411201270887
0 0.8280005715266802 0.4834779638857386 0.23237142619541978 0.13048988960884883
0 0.8441877426721895 0.5807523843404339 0.12422572625188977 0.06928756249917604
0 0.721691845415965 0.700739376222759 0.14597889988706053 0.12117734496658024
0 0.5345621136906422 0.5502559553610266 0.14617632096198285 0.09776711850553052
0 0.5400224293909531 0.45650595536102656 0.15711382096198284 0.09795803327818291
0 0.3586513320500238 0.4885486623403157 0.1954930524755442 0.16730805113509054
0 0.4644099664344175 0.6693292836885154 0.11201415258848364 0.04722164772652384
0 0.41420556910760575 0.7139111266265008 0.09453822625188942 0.06876936525911966
0 0.41988715073410654 0.7637611221622739 0.13369173151356134 0.07101370373287814
0 0.3009705507623414 0.7954941375835494 0.09600972099021768 0.06723413879807012
0 0.26290983766463155 0.8593754054404569 0.12468075256024873 0.07710006249917604
0 0.2559549113986246 0.9117873392878326 0.0655185841867496 0.026118215096963836
0 0.23827458773521873 0.9339487114468114 0.08966871572854576 0.06556254464226896
0 0.3963300114409769 0.9538230604738764 0.11466871572854576 0.06599892126547431
0 0.4422942298003587 0.8882429249222173 0.263530420933748 0.12947286038785571
0 0.5445994534214122 0.820118441968346 0.1113617052052021 0.06281937418757337
0 0.6946743191076058 0.7090155263849146 0.5589603731551783 0.5654411826262645