0 0.6375 0.4037113655526882 0.0609375 0.08060801285158128
0 0.50703125 0.54418380973492 0.1046875 0.09957818874502422
0 0.60625 0.6448284554765762 0.15 0.17954953163466172
0 0.96640625 0.4090594628537689 0.0671875 0.0964876808363588
0 0.29296875 0.8614999382135515 0.203125 0.24421420950527092
0 0.3078125 0.6546451017497048 0.209375 0.14759387749004843
0 0.37265625 0.5129404214076376 0.0640625 0.07604784684397004
0 0.23359375 0.5436067840689385 0.1265625 0.11140702669174588
0 0.25078125 0.4171251971108002 0.0734375 0.06392984882113631
0 0.36953125 0.34197400540002637 0.0796875 0.057934516805913994
0 0.3203125 0.27835451578014975 0.1109375 0.06545785672980173
0 0.46015625 0.2703125696207517 0.0625 0.060359179847775654
0 0.40703125 0.20528974749136103 0.053125 0.0568521778706093