0 0.61640625 0.88359375 0.2078125 0.2328125
0 0.37265625 0.63671875 0.178125 0.1546875
0 0.64140625 0.6984375 0.2078125 0.1265625
0 0.48046875 0.5734375 0.103125 0.0734375
0 0.6109375 0.559375 0.04375 0.0484375
0 0.38671875 0.4171875 0.0484375 0.053125
0 0.075 0.36796875 0.1203125 0.0953125
0 0.64765625 0.39453125 0.05625 0.04375
0 0.571875 0.31640625 0.046875 0.0328125
0 0.70625 0.35546875 0.09375 0.053125
0 0.6078125 0.28125 0.0484375 0.0328125
0 0.63671875 0.26796875 0.053125 0.0375
0 0.740625 0.60078125 0.15625 0.1484375
0 0.809375 0.4953125 0.09375 0.06875
0 0.74296875 0.49140625 0.0625 0.05625
0 0.675 0.50078125 0.028125 0.0375
0 0.69296875 0.4265625 0.0265625 0.01875