0 0.48803949346683756 0.4424530971855692 0.09063570767745474 0.0711901033908223
0 0.370933392982305 0.6051991920993359 0.11433528763096845 0.12057367328319835
0 0.23089326500626264 0.5067894631917851 0.20376912822814397 0.17457627667402048
0 0.3793322209190064 0.0682835430089587 0.10600933540139543 0.09059507485477487
0 0.15711581948507902 0.8771318883370103 0.12804786238870208 0.20531254631872783
0 0.3087986517843813 0.8413678244404901 0.17096733590559854 0.24001718610347994
0 0.44577449187735374 0.751188088294229 0.08772922896477801 0.07416955417661057
0 0.4546299578526816 0.9112351763835701 0.1284741972858944 0.1445933701400449
0 0.5883986704738147 0.8754154545053329 0.07275979282674853 0.08281680810555159
0 0.6352686806132735 0.7327592276646966 0.06549359604505725 0.09026543507002245
0 0.7203592286358019 0.780329894537754 0.0743658514929388 0.1280565334984461
0 0.6867769142696284 0.623024662734719 0.06897922896477801 0.07329625889134021
0 0.7744843639013114 0.6746107415184355 0.06498014381548423 0.06065070967712849