0 0.371875 0.44140625 0.046875 0.065625
0 0.49453125 0.56875 0.0859375 0.075
0 0.40078125 0.6671875 0.1171875 0.14375
0 0.04375 0.4609375 0.0859375 0.075
0 0.696875 0.8640625 0.1578125 0.203125
0 0.68125 0.665625 0.18125 0.1015625
0 0.6203125 0.534375 0.05 0.0625
0 0.7515625 0.55703125 0.1046875 0.0828125
0 0.73515625 0.4390625 0.0609375 0.046875
0 0.62265625 0.3734375 0.0671875 0.0390625
0 0.66953125 0.31171875 0.0984375 0.0390625
0 0.53828125 0.309375 0.0515625 0.0453125
0 0.58828125 0.24609375 0.0421875 0.04375