0 0.36953125 0.44609375 0.0484375 0.0671875
0 0.496875 0.56875 0.0890625 0.0765625
0 0.40703125 0.6703125 0.121875 0.146875
0 0.04375 0.4765625 0.0875 0.078125
0 0.709375 0.85703125 0.1640625 0.2078125
0 0.68671875 0.659375 0.184375 0.1078125
0 0.62109375 0.53046875 0.0515625 0.0640625
0 0.753125 0.5484375 0.1078125 0.0875
0 0.7328125 0.43125 0.0625 0.0484375
0 0.61796875 0.36953125 0.06875 0.040625
0 0.6625 0.30625 0.0984375 0.04375
0 0.53125 0.3078125 0.0515625 0.046875
0 0.5796875 0.24296875 0.0421875 0.0453125