0 0.9154224076960127 0.6526934035061168 0.15616013817089822 0.26213452090551304
0 0.6984132114597597 0.3662153901401757 0.1934601502711466 0.22994364718563745
0 0.7598082119507389 0.6867484270424657 0.16241922852997775 0.26406104195220054
0 0.6179939375538505 0.4966379084854401 0.09292381908544911 0.13193181043863902
0 0.5944286516458887 0.6542074847796818 0.05969316256778647 0.05814569994353018
0 0.4350910548439012 0.3885810267318823 0.0644079336450254 0.06310621572854584
0 0.39029774707313375 0.046603442262784 0.11940450585373252 0.093206884525568
0 0.39499173302797774 0.7033106556428426 0.05508747579950315 0.07193518415851478
0 0.30491669975229463 0.6140577108198098 0.040961343285945875 0.060178636803468064
0 0.3453730072284745 0.7749273213855059 0.06628859621281205 0.11788472099021767
0 0.26170251005714495 0.6587478555157856 0.040970433645025395 0.061741136803468065
0 0.24431956733693316 0.693342663394176 0.04724770472226432 0.06679265785015538
0 0.6380463205583871 0.8086450848220341 0.18550220452587246 0.20448862087727804
0 0.5079043026044061 0.8943235215407975 0.08504768657189174 0.12053928413027996
0 0.5068054109174666 0.8147270268024694 0.07075792759490121 0.08065773677523325
0 0.5205593595896068 0.7327034820782587 0.04708407825883114 0.03866765785015538
0 0.43061107046019115 0.7559050346243901 0.023619307181592396 0.03261507892507769