0 0.46831853379884086 0.3043407883341528 0.08271664727484343 0.058523205331134066
0 0.629797651985949 0.44933034256993015 0.09735297424624481 0.10415395407749291
0 0.7339593803150797 0.34090774030007454 0.1817916181871082 0.14558058762187223
0 0.9348683050106683 0.6874658062143345 0.13026338997866346 0.19263744404836308
0 0.7645226936606977 0.6675839005666313 0.13922122303829684 0.21604620031656907
0 0.6050682032035953 0.5951369360642971 0.07828423879011233 0.06151181301126592
0 0.6464101645729625 0.7483217720368167 0.10851361485312835 0.12630173871722886
0 0.5075071612389828 0.7271334306540208 0.062244650608823095 0.07507420783841638
0 0.4180783862341334 0.5959312432695755 0.0532522878817268 0.07948892319868044
0 0.35229376063015944 0.6493541084715548 0.056313386064955576 0.11698892319868044
0 0.3343892992607923 0.4968512340983754 0.059661784547746864 0.06252874373179385
0 0.26657978805090465 0.5541121531404207 0.055771510001939716 0.05306281551854841