0 0.5122860243128079 0.7091246154576378 0.0917772472985769 0.0810927580585183
0 0.42169736362005494 0.5253073985866659 0.11638240514873228 0.12988157257314797
0 0.2800566242139858 0.5843714573518513 0.20706758930724706 0.19222433063166627
0 0.3782779614550943 0.9935134285581478 0.09804265785015556 0.01297314288370437
0 0.17914292647776847 0.18685332544787 0.2904863050357929 0.26325858350638837
0 0.38778290813250416 0.28520051696550847 0.18396328925077735 0.249275413006759
0 0.5064580424463105 0.404730349906249 0.09030575256024882 0.08251855702175917
0 0.53091055282848 0.25453486027384153 0.13493498407380997 0.15482278397749977
0 0.6526798660391293 0.32093969321458204 0.07669827886860787 0.0891007476909258
0 0.6809806293344833 0.4686834175784246 0.06915879465362344 0.0931047425071295
0 0.7657042398295921 0.44311607252666513 0.0820984104104042 0.12843664976444433
0 0.7181782504941102 0.5850110466076838 0.06972023677523324 0.07605394354388881
0 0.8061633688817267 0.5573733536294428 0.06595819994353036 0.06484304147037037