0 0.37734375 0.43046875 0.0515625 0.06875
0 0.48828125 0.56796875 0.0921875 0.08125
0 0.38671875 0.6578125 0.128125 0.153125
0 0.04921875 0.42109375 0.0921875 0.0828125
0 0.6640625 0.8796875 0.1734375 0.215625
0 0.66640625 0.68046875 0.1890625 0.115625
0 0.6171875 0.54453125 0.0546875 0.065625
0 0.7453125 0.57890625 0.1109375 0.0921875
0 0.73984375 0.46015625 0.0640625 0.0515625
0 0.63359375 0.384375 0.0703125 0.0453125
0 0.68515625 0.32734375 0.1 0.0484375
0 0.5546875 0.31328125 0.0546875 0.05
0 0.61015625 0.2546875 0.0453125 0.046875