0 0.11150802263686502 0.55859375 0.22301604527373003 0.2390625
0 0.3748609032861385 0.34765625 0.18203289202736234 0.2015625
0 0.2718246205840492 0.60859375 0.15886811203054405 0.225
0 0.42114446260345745 0.465625 0.09038973734881743 0.1140625
0 0.41570188991886736 0.59765625 0.056831802673454314 0.05
0 0.5915211446133206 0.39296875 0.060029528007635946 0.05625
0 0.688825595321455 0.0875 0.11406359468490823 0.134375
0 0.5751581585773677 0.6578125 0.052289753341817756 0.0625
0 0.6649751839195037 0.59296875 0.04122498400699968 0.0515625
0 0.6048814739020045 0.721875 0.06680678668045381 0.1015625
0 0.6941808785805494 0.634375 0.04126134667409058 0.0546875
0 0.7032013425764132 0.66484375 0.04442270934118149 0.0578125
0 0.3541002239020045 0.721875 0.17238517202418074 0.178125
0 0.4492212725573232 0.80546875 0.0824681493475449 0.1046875
0 0.4632661385662319 0.73984375 0.06488066000954511 0.0703125
0 0.4640752079090042 0.6703125 0.04100680800445424 0.0328125
0 0.5356229439051863 0.6984375 0.022220445337363514 0.0296875