0 0.3584482947188644 0.5693615177573161 0.06913237939699587 0.08379667984777565
0 0.5062484527445534 0.44027490114168255 0.11728283697334127 0.10133168973360736
0 0.4062010421337906 0.31893575342286007 0.1709177621279716 0.18605419961943914
0 0.7551971672787225 0.13037130777634415 0.23016495849442914 0.2607426155526883
0 0.7239623691051922 0.35145118718778734 0.23204670970237729 0.15272704646340926
0 0.6461238957770312 0.4925802059708676 0.0735647878817268 0.0808626808363588
0 0.7973037585041276 0.4817170073400117 0.1404332945496865 0.11784802768032883
0 0.770390056387794 0.6129325152486771 0.08166433030538141 0.06561968281352507
0 0.6382629536626373 0.6747533774156864 0.08727660151720862 0.05806185079830275
0 0.6875452186655467 0.7503462850203405 0.12216178454774677 0.06571252471457925
0 0.5384221924527497 0.7383940661607106 0.06890923879011232 0.061985346843970036
0 0.5918020260921109 0.8161715562748789 0.05615414727484343 0.05835101087441501