0 0.5169895337411586 0.6639911651716515 0.08175713939685174 0.06428134793281685
0 0.3743126011305103 0.5527160988556673 0.10093636635259244 0.10590764342931003
0 0.2825072270022234 0.659178047499078 0.18132649538185158 0.1545639913621267
0 0.527481517058474 0.9739577910991148 0.09956935598499986 0.0520844178017704
0 0.08953280876518545 0.3791646707272059 0.1790656175303709 0.20832934145441176
0 0.2589493156924081 0.37169903145994904 0.15370863477870333 0.21183627081949102
0 0.3993501402918063 0.41919220002768665 0.07734304147037027 0.0671059592838688
0 0.363752975824445 0.28728206353820696 0.11378768086722202 0.12848355027685515
0 0.4860380789347227 0.29040466841085405 0.06552654665416639 0.07411742288667415
0 0.5645841610269915 0.398355673191216 0.059686649764444336 0.07840440468807693
0 0.6236166999054635 0.3432163926541176 0.06880737153638865 0.11161742288667424
0 0.6385596117809268 0.477731094998156 0.061581340433611055 0.06454216378737562
0 0.6986468027329173 0.41951687923588227 0.056073634213055355 0.05486677513842757