0 0.0737401226801563 0.3269768303053814 0.13471233901489235 0.2883286606107628
0 0.14208590643023827 0.7002547047014074 0.25045144482000764 0.43488440940281486
0 0.27986370334234617 0.8390463311388764 0.2459425048941414 0.32190733772224717
0 0.3544966595102812 0.987706907276783 0.21084821996293304 0.024586185446434074
0 0.5064857454451306 0.9862875416747485 0.08812004809323426 0.02742491665050295
0 0.41243312276497435 0.6786976665298166 0.14571927168436433 0.2019765724294736
0 0.209784294001701 0.5195943781890479 0.22546631378714893 0.3440362687959313
0 0.42073417376861544 0.381009465621431 0.10340279691210785 0.15022288273097573
0 0.24529022966639796 0.3986280450087285 0.07380457694917482 0.1057395590935541
0 0.6452332429980598 0.8535055742656414 0.113105179126093 0.16036315727678313
0 0.6404514845605395 0.761190528508007 0.05903274881887377 0.08427914727484324
0 0.5778076408211417 0.796586152444991 0.04689484736759475 0.04901132697140156
0 0.6562277627835078 0.6775648275996213 0.07725695916315978 0.1153696506088231
0 0.7437848156860654 0.7532660713907035 0.04604167549789597 0.06919628121376711
0 0.4856746714063627 0.5452312044115433 0.05832342068857255 0.06396664727484325