0 0.2078125 0.88984375 0.225 0.1484375
0 0.54921875 0.90234375 0.3515625 0.1953125
0 0.7015625 0.7875 0.2703125 0.1546875
0 0.921875 0.7625 0.15625 0.178125
0 0.8921875 0.62109375 0.09375 0.0640625
0 0.565625 0.62734375 0.1546875 0.09375
0 0.4 0.771875 0.2703125 0.1359375
0 0.30703125 0.54921875 0.1171875 0.065625
0 0.29921875 0.71171875 0.0828125 0.046875
0 0.75 0.45859375 0.1234375 0.071875
0 0.66796875 0.440625 0.065625 0.0359375
0 0.69140625 0.50546875 0.0328125 0.0328125
0 0.596875 0.4078125 0.090625 0.046875
0 0.675 0.34609375 0.0546875 0.028125
0 0.459375 0.5296875 0.0453125 0.0421875