0 0.8746802035987677 0.7784064172733692 0.2506395928024645 0.20487244234221597
0 0.5410602107685076 0.8550224556606423 0.38630509517409733 0.2438470970534631
0 0.36838447055215345 0.7990177461416021 0.30000391926229186 0.22221276165206785
0 0.1491623450771882 0.8276501165760759 0.18594141926229182 0.2142367346647614
0 0.14736084289298668 0.6830096059324143 0.10501611474138892 0.08846120248167466
0 0.4703976461796186 0.6095567723726042 0.17307643692972227 0.13065941015912905
0 0.6636774803357992 0.7102894738458726 0.29644250816812523 0.2032442403647444
0 0.7112746064763547 0.46907461196137357 0.13012521751493064 0.09489687278026224
0 0.7509397845723618 0.6267178671571537 0.09204333605604162 0.06727461733238052
0 0.2555330995425004 0.48920533958876933 0.13808318787965285 0.10169317599857094
0 0.333693813923299 0.4516564270838517 0.07140352773541672 0.05179172896477802
0 0.32277580413965323 0.5204992622331457 0.03837282218833345 0.04012225544788173
0 0.3967016537790628 0.40186424069372056 0.0983297036472223 0.0692741599070276
0 0.3080924422480559 0.36032658673877777 0.060247822188333446 0.04165190445914595
0 0.5567689444322574 0.48770391568388527 0.052726262917777864 0.05360560124083733