0 0.8142643137235828 0.8352699560522481 0.21289328652459397 0.213757205064028
0 0.4287570564166868 0.6095382688393745 0.1684887215897856 0.1737090577372161
0 0.48030237094775313 0.875793329419188 0.3267648717519416 0.20946308916607279
0 0.6129802776027307 0.7416318900695884 0.2752841923687924 0.21114741553090183
0 0.20116566477594766 0.45811779493597216 0.14286143019392786 0.1363154735504665
0 0.06978147687138204 0.6522989763930639 0.13055234496658025 0.1465249314570915
0 0.08059584050564868 0.8043242079772124 0.16119168101129736 0.22572658404557516
0 0.28280185390162454 0.7889590002823487 0.24885806006354416 0.2174128260824803
0 0.6846406379905865 0.48146866381769904 0.14582278896022594 0.12712248407380997
0 0.36881286079818815 0.3773319845679203 0.10133640340856669 0.08238683674699843
0 0.9021712370176516 0.6280119219219683 0.12613758035608386 0.16187691567207593