0 0.0563367382255819 0.7226215336652639 0.09069100405718977 0.18586806733052796
0 0.46196340096963945 0.6563666281224518 0.16369212743398442 0.16343256134007814
0 0.2975362568932683 0.8943427662420689 0.3208148806803953 0.21131446751586225
0 0.23174979544975233 0.7076662001774852 0.27191373051823947 0.19063495680090714
0 0.7421088226421506 0.6029068445420059 0.13803756249917604 0.12505954210278442
0 0.7913759857899498 0.8310516919096008 0.1226307508107789 0.13701390507947586
0 0.7732999159838778 0.9429167086150058 0.26956029788867963 0.11416658276998852
0 0.5321606728837367 0.8758730854715132 0.2408273717519414 0.1989186827542902
0 0.2661621570587193 0.4426240427357566 0.14099892126547414 0.11579366950744614
0 0.6124468218313718 0.4656474028020412 0.09966480925276536 0.07375001324684387
0 0.03134287215568328 0.49844742368379735 0.04779439204448094 0.14376984736759474