0 0.4515625 0.83359375 0.203125 0.3328125
0 0.390625 0.46953125 0.1640625 0.1109375
0 0.54609375 0.38984375 0.084375 0.065625
0 0.4375 0.346875 0.1078125 0.0671875
0 0.47578125 0.28203125 0.0890625 0.05625
0 0.4125 0.2359375 0.1171875 0.0609375
0 0.3734375 0.19453125 0.0796875 0.04375
0 0.515625 0.21640625 0.109375 0.0390625
0 0.6421875 0.25859375 0.140625 0.0984375
0 0.41015625 0.1078125 0.15 0.0484375
0 0.4828125 0.14609375 0.0765625 0.034375
0 0.73671875 0.6734375 0.3609375 0.3125
0 0.8984375 0.4546875 0.1046875 0.1734375
0 0.0609375 0.5609375 0.121875 0.096875