0 0.7761977722505974 0.597871903445222 0.37388300758604365 0.2775283000477252
0 0.4032704552811356 0.5872765647278608 0.16581567394668237 0.19549540802036275
0 0.3663119445302899 0.4077703307208611 0.09435552000387934 0.10412497334499946
0 0.290578878768776 0.511676033378407 0.10251870636839736 0.12763519867918127
0 0.23475918452835023 0.45785105203690735 0.08510806576151389 0.10557838534372692
0 0.16838501437468967 0.5141641393618623 0.09859648091420459 0.136955654678545
0 0.11492530346436443 0.5463857460216354 0.07002519970043757 0.09291475334181776
0 0.17906703604555896 0.4024635706954077 0.07244856909549377 0.12260225334181776
0 0.2587381737775045 0.2790538900381801 0.14489739606689528 0.16871473201781734
0 0.04207657438632768 0.4891721353437267 0.08415314877265535 0.1681329293443632
0 0.09700396407512726 0.4210584820178173 0.058705062427534 0.08809998400699967
0 0.7137923355962152 0.2702730674331318 0.43753040365293894 0.44529760272117935
0 0.5318082383310705 0.06640153807286028 0.2113835233378591 0.12265789202736237
0 0.4032875911769134 0.9383647080283168 0.1354587521260319 0.12327058394336632