0 0.5188815633238126 0.8168473097389736 0.23832841233587007 0.30947377884380173
0 0.42847973029937014 0.47120476824712476 0.18561509618646851 0.13873430373891082
0 0.5893502537130151 0.3673666053800072 0.09631449400955017 0.08054145020978147
0 0.469908283750082 0.33411824272731544 0.12142362141421188 0.08556083693238978
0 0.5057068852940281 0.2601237130583214 0.09905754809323426 0.06984074855010754
0 0.43453872422410245 0.21851747613057598 0.13058036660488845 0.08002123195336797
0 0.39006947241000384 0.17880470331005913 0.08924603847458741 0.05663035352912935
0 0.5438219549868087 0.18517033463408278 0.12038691106992552 0.05587333693238983
0 0.6827406112474109 0.21537620765973667 0.15699902286549072 0.12254061867597636
0 0.42270586841898705 0.08155027239630958 0.16457342068857256 0.07168851369695448
0 0.502948929126093 0.11385236430307688 0.08579365626060227 0.04701855518880329
0 0.8050062362474109 0.6479025198975099 0.3899875275051784 0.3801917883915712
0 0.9533680805773719 0.3946563528812075 0.09326383884525632 0.19711364357108563
0 0.08623272131369548 0.6075864344382345 0.12876489546082906 0.1172844336130419