0 0.17131723654387435 0.284772646104966 0.3002876843053107 0.18944787824476322
0 0.15980868498267925 0.6321658433450225 0.1886264880142124 0.11412850405718977
0 0.33829113183960446 0.5015901789794072 0.09085072930778511 0.0952500446422686
0 0.4034923286965297 0.37299184618769154 0.14117163387576942 0.13203302434972927
0 0.457229239596092 0.5777105738665572 0.13624511646291496 0.09760347727182861
0 0.40998018260783003 0.7802821948077198 0.10384205223856355 0.10484323295387146
0 0.23434609678675278 0.8607624017870089 0.12711577792830414 0.10212733603812651
0 0.5856464094292243 0.3721582288999769 0.12028592378986111 0.1207409683433748
0 0.5855689235627185 0.5348082333642038 0.07983134215265544 0.0934966298696164
0 0.6106552120064722 0.7001468612052253 0.07572369629109836 0.07469208279171564
0 0.5445897987320606 0.648126439532714 0.057383132066746965 0.08217730032431163
0 0.270916687584671 0.05457267735455409 0.15745837516934208 0.10914535470910817
0 0.6264916581860289 0.12199854180619021 0.16360655585660827 0.20267280681713334