0 0.31796875 0.809375 0.134375 0.33125
0 0.6078125 0.75859375 0.0796875 0.1453125
0 0.48828125 0.61328125 0.0734375 0.065625
0 0.37734375 0.56328125 0.0984375 0.1046875
0 0.5453125 0.5125 0.0703125 0.1046875
0 0.71640625 0.54609375 0.0796875 0.075
0 0.79375 0.68984375 0.075 0.0953125
0 0.87578125 0.90859375 0.2015625 0.1828125
0 0.365625 0.4125 0.090625 0.0875
0 0.5015625 0.40703125 0.071875 0.05625
0 0.63828125 0.38125 0.0578125 0.0546875
0 0.5984375 0.43828125 0.065625 0.0390625
0 0.09140625 0.68359375 0.1375 0.1171875
0 0.1546875 0.38515625 0.1578125 0.1140625