0 0.7895316718069401 0.32561451847541406 0.4209366563861199 0.38754809342786
0 0.910088507862681 0.8640345093042139 0.17982298427463803 0.22710337226160818
0 0.8142193075212273 0.6627424454350181 0.3187637985788122 0.32587114436493214
0 0.7810923342008145 0.8664273865803873 0.16696386181247735 0.17173391066226812
0 0.6186738749169456 0.7991442613492781 0.22173050740125558 0.22323422618081673
0 0.6253501673311199 0.5124793356433152 0.10035855027685514 0.10585284639736088
0 0.5734150323827997 0.6180904896416657 0.1491755845145814 0.1618588054894186
0 0.5030128948135859 0.5943096603330638 0.09637195712440043 0.11665395407749272
0 0.47495654842192864 0.66948315657214 0.11522208667404979 0.11876202335696498
0 0.46106283157992073 0.7458099758516121 0.12575906847545254 0.11283027210332364
0 0.3886778894149151 0.7033018785963214 0.08669656847545255 0.11169366943775678
0 0.541488702187155 0.3763803627612039 0.17890265730897054 0.18767715940862678
0 0.42688478408084274 0.40789243870459363 0.21175473010335963 0.21358644154108042
0 0.4155140923772624 0.5358044900373772 0.0952705320782579 0.09946645407749273
0 0.36476192319121603 0.5865917517158596 0.06660531153562221 0.06588106426490725
0 0.33676733111849544 0.5772311235817565 0.06524307063492082 0.06896060015828454
0 0.29995894354928165 0.5524728159807669 0.046553627390180985 0.04502299498543501
0 0.30704145588778275 0.4919983172344081 0.05733044108527148 0.06717077962517112
0 0.275251235345147 0.46004963526023906 0.05114099784053163 0.04359688730530316
0 0.29892976480251127 0.42648697750096487 0.06251858883351806 0.0751196719450391
0 0.2549980945367307 0.4982088648062679 0.032491127390180986 0.044613818025830906
0 0.24004372300664584 0.5213424879258061 0.05925388648947969 0.04851170783841656
0 0.2388910356220022 0.5644248981923627 0.05995479333702489 0.05944920783841656
0 0.28527947254522057 0.34783078008738955 0.09058303207825791 0.09933006175762475
0 0.4439745496585464 0.2837275129986307 0.1400614003691402 0.14131898495630518
0 0.7099233173957183 0.11675963067463904 0.2856323210963462 0.23351926134927808
0 0.32252224938169116 0.1912865780549608 0.41379449876338226 0.3825731561099216