0 0.6273062926480009 0.11517949241395631 0.16726241470399827 0.23035898482791262
0 0.28191197664704637 0.12138169498933182 0.09889312802354437 0.18134533697334118
0 0.4252427112905929 0.27983243952932 0.08998974801081765 0.08695760818516848
0 0.5573915926161842 0.3260223001303846 0.12022268801718106 0.13625597758022465
0 0.35821774860759364 0.40550186134997057 0.08741018801718106 0.13357751666989942
0 0.15472966927913884 0.3862090827212774 0.09636701734563582 0.09840529121570665
0 0.061389843968819614 0.22445812393698406 0.09195223734881748 0.12146015394280303
0 0.5724973299252307 0.5035255467964046 0.1105931493475449 0.11361570303441741
0 0.4106694919239581 0.5261015327115791 0.08673747867599957 0.0757650166698994
0 0.24856893391950372 0.5721150186267534 0.0710942973424542 0.0729270590935542
0 0.2954626625955033 0.49960241877653466 0.08025112133990878 0.054942333639361254
0 0.896627909969774 0.14925366648132493 0.16727950135263542 0.15570735030926075
0 0.8237325659214128 0.5111156798172445 0.19224313868554468 0.1546230824314133