0 0.19277365757194181 0.774449512394836 0.32357466459674594 0.4408260296614458
0 0.7303742032714968 0.903317317435129 0.29386993217453855 0.17197603571156997
0 0.5131953194826006 0.7702422387835144 0.28344616252983135 0.25001922247985353
0 0.708527090160765 0.751922989078102 0.14815501778268025 0.12895222267624504
0 0.872589590160765 0.7509685013747422 0.12199062406898661 0.10380677693097126
0 0.6697471881749036 0.5951599046709507 0.19096325599585598 0.1760635720123153
0 0.40008965963885645 0.5826700367917246 0.09426373035529281 0.07865224082661779
0 0.5066329121200558 0.5422172327333902 0.14132282092583354 0.1164158612399266
0 0.4942099948327135 0.4735581363241863 0.10327485731976367 0.07089428298109546
0 0.5693748147250897 0.4528138442679045 0.10258565260503386 0.08963519262201594
0 0.6431761877606189 0.4445740973911624 0.09691784946188076 0.10209883118569749
0 0.6136749323839354 0.37367124493183446 0.09985875889134022 0.06462610226293633
0 0.28463378763678443 0.4958654492613153 0.1627269400324213 0.1399715359079618
0 0.3317335736164298 0.39015125956616564 0.18434938296032674 0.16821471057599685
0 0.4528637109199828 0.3886655067374952 0.08623290653397539 0.07391928903121973
0 0.5080263999189467 0.34460643452878825 0.05716183664159917 0.05344316256778665
0 0.5030863428468522 0.31651779596510676 0.06177656203449331 0.05190793364502548
0 0.48597377150673393 0.2814706302740621 0.03761131596343468 0.03614657825883114
0 0.42805210959607515 0.284150723560008 0.059850188998963993 0.04408634328594587
0 0.4030178763452982 0.25149275966436146 0.03790241439185813 0.04239657825883114
0 0.368514443756475 0.2712194523845733 0.06624573821317573 0.04724770472226432
0 0.44124562241635684 0.23564959104645067 0.04015411910658777 0.02366475897699045
0 0.46526531927320364 0.2230132356602564 0.039756012820281586 0.04865566861791084
0 0.5058539319696507 0.22355813632418636 0.05062073821317572 0.04715680113146812
0 0.29513260173819234 0.2536824944408551 0.08608735731976358 0.07079428903121973
0 0.21265608788445345 0.3978733768562166 0.12079199710451585 0.11161018657189174
0 0.05704184656865121 0.634751729020957 0.11408369313730242 0.2320499515990063
0 0.1543385895370833 0.2740864189124984 0.3086771790741666 0.32057716217500315