0 0.25859375 0.765625 0.2640625 0.4
0 0.7625 0.921875 0.2625 0.15625
0 0.559375 0.7796875 0.24375 0.221875
0 0.74296875 0.7734375 0.128125 0.115625
0 0.896875 0.78125 0.10625 0.090625
0 0.70703125 0.6234375 0.165625 0.15625
0 0.45390625 0.596875 0.08125 0.06875
0 0.5546875 0.5640625 0.121875 0.103125
0 0.54375 0.49921875 0.0921875 0.0625
0 0.6140625 0.48359375 0.0890625 0.0796875
0 0.6828125 0.4796875 0.08125 0.0921875
0 0.65625 0.41171875 0.0890625 0.05625
0 0.346875 0.50859375 0.1421875 0.1234375
0 0.390625 0.41171875 0.159375 0.1484375
0 0.5046875 0.41640625 0.075 0.065625
0 0.55703125 0.378125 0.0484375 0.046875
0 0.55234375 0.35234375 0.053125 0.0453125
0 0.5359375 0.3171875 0.0328125 0.0328125
0 0.48203125 0.31640625 0.053125 0.0375
0 0.45859375 0.28515625 0.03125 0.0375
0 0.42578125 0.3015625 0.0578125 0.0421875
0 0.4953125 0.271875 0.0359375 0.0203125
0 0.5171875 0.26171875 0.0328125 0.04375
0 0.55546875 0.26484375 0.04375 0.040625
0 0.3578125 0.28125 0.075 0.0625
0 0.27890625 0.4125 0.1046875 0.0984375
0 0.0875 0.62578125 0.175 0.2109375
0 0.1875 0.29140625 0.3375 0.2859375