0 0.13636677425594312 0.3518906459091712 0.2411022006185215 0.3462187081816577
0 0.38993766865584845 0.4936582567852639 0.16205294515850968 0.19620800050420312
0 0.4219059194047546 0.25963853586625757 0.11820735030926066 0.1729454631253363
0 0.5047664747052867 0.18705905949936955 0.15401678879981057 0.3261468727802623
0 0.6304504536626373 0.6583388437761432 0.07732751666989941 0.09085422896477802
0 0.8314384820014663 0.7912120558930733 0.12120480455162622 0.17160148441265974
0 0.7640606948686457 0.48556834327194015 0.08376870636839744 0.13169775025210145
0 0.7300052039525013 0.29937947099588097 0.07334138939893542 0.1371829257464694
0 0.8129772006185215 0.27629189623814726 0.05752519970043757 0.09568384059717552
0 0.9037123526044706 0.7044443933881557 0.0420596963664579 0.07751299480421991
0 0.8786644262418921 0.7344814546522361 0.0376272878817268 0.08031021287323484
0 0.9251728933611354 0.6785867337332296 0.041007379396995704 0.0836537341605581
0 0.9402558883601653 0.6516036166529505 0.029974284547746775 0.06268567029858776
0 0.9943388353909401 0.6063896696191577 0.01132232921811962 0.05476390965492613
0 0.9969616400874983 0.5869294754353565 0.006076719825003352 0.061450952229573017
0 0.8295899710814428 0.49905740688180894 0.030643964244305266 0.05185743094224939
0 0.845804902444991 0.49556642012336083 0.0250636439408634 0.04059214901126431
0 0.8576671736568183 0.48687983497406695 0.02895391848667046 0.05018567029858776
0 0.8841499253238083 0.49367078435364836 0.03309928454774678 0.0629041915859112