0 0.3125 0.84296875 0.3 0.1640625
0 0.5 0.6359375 0.1625 0.1171875
0 0.2875 0.55234375 0.15 0.078125
0 0.2375 0.4578125 0.2984375 0.078125
0 0.7078125 0.44765625 0.075 0.0578125
0 0.87578125 0.28828125 0.1484375 0.08125
0 0.5734375 0.28203125 0.1140625 0.0546875
0 0.3921875 0.271875 0.125 0.0421875
0 0.38828125 0.18828125 0.084375 0.0359375
0 0.809375 0.20078125 0.0703125 0.025
0 0.8328125 0.23125 0.075 0.01875
0 0.78984375 0.175 0.0765625 0.021875
0 0.76796875 0.1546875 0.0578125 0.015625
0 0.7390625 0.0859375 0.05 0.0140625
0 0.72265625 0.07265625 0.0546875 0.0203125
0 0.60078125 0.2234375 0.0453125 0.0171875
0 0.60078125 0.2078125 0.0359375 0.0140625
0 0.5953125 0.19453125 0.04375 0.0171875
0 0.6078125 0.17109375 0.0578125 0.0171875