0 0.6602400412158236 0.8265837427427769 0.3383374360279987 0.2258161312594474
0 0.4722240625795949 0.6134676346667423 0.18761018268618096 0.15457962613895013
0 0.700513241923958 0.5189763690934883 0.1667704240133631 0.1080840577372161
0 0.758689915937321 0.4172171770424658 0.324782918682363 0.1344630891660728
0 0.26291433927436636 0.41876759762327787 0.08675566000954502 0.0753177893919517
0 0.09306655796468344 0.25455942640718127 0.1668067866804539 0.11120905773721601
0 0.4125523546308198 0.23985510039528815 0.12736247867599956 0.07612142619541977
0 0.6047853079646834 0.2247552032096507 0.13819089067472703 0.06738346302712275
0 0.6128438033100011 0.13606442953212738 0.0942954400063634 0.052335315700310935
0 0.16755857531031926 0.15965717910860439 0.07696248933799979 0.038834257821920605
0 0.14141369863941033 0.19240876592618988 0.08159544533736343 0.034419773606936134
0 0.1897426579805918 0.1318206054451985 0.08319430800445433 0.03763577886860801
0 0.21419776531668258 0.11009752388928482 0.06277272000318171 0.02707771046687397
0 0.24783751599300033 0.037092663394175995 0.054905676002545346 0.02193518415851472
0 0.26596080732813665 0.022764852884949734 0.05970226400381797 0.03158319994353026
0 0.38671710797263764 0.1789021898437096 0.04869203866963616 0.024696163111827298
0 0.3876892619748648 0.16245043721287367 0.04240567600254534 0.021207142065139895
0 0.3933216439767738 0.14806941879702218 0.04869203866963625 0.024696163111827298
0 0.3811125453135009 0.12379746089039698 0.06277272000318171 0.02707771046687397