0 0.7237956442587814 0.09828680395222199 0.3646540434976597 0.19657360790444398
0 0.4852265982896638 0.31261748841340237 0.20129719764227277 0.15142094889756966
0 0.7157988245636675 0.4196441659407286 0.18226335475263547 0.1057084053945836
0 0.7612466343357686 0.5301991530229507 0.3498965237259961 0.12053723765090307
0 0.22482897327107323 0.5161471043890623 0.09355368182494202 0.07398432028847228
0 0.05176018228205255 0.6914594949660069 0.1035203645641051 0.10458101006798622
0 0.35652334775819117 0.7128922049784026 0.13730368182494201 0.07500261284152784
0 0.5609097588228865 0.7346723667381593 0.14923067885919253 0.06123105357097245
0 0.5554635720550285 0.8300212343293397 0.1019100098858317 0.04920252583555573
0 0.07771791543895754 0.7935298348217706 0.08421317391627661 0.0363024823325695
0 0.055776589849525736 0.7573565986894791 0.08864600593149903 0.03016158510611113
0 0.0975701590131669 0.8235076223408331 0.09033583992388783 0.03332295269729144
0 0.11998898707405665 0.8479621084731249 0.06814250494291585 0.025001306420763925
0 0.14324080327194827 0.9285938594230554 0.05857650395433271 0.020095600873680654
0 0.16054104981190717 0.9445818821244789 0.06520850593149907 0.02961607123840295
0 0.31797550091422105 0.7777911595755553 0.05401633794672147 0.023111498100139016
0 0.31568083045798556 0.7957962771667357 0.04295150395433271 0.01973192496187508
0 0.3204810769979445 0.8120752405976038 0.05245383794672147 0.023075130508958354
0 0.30380557156073695 0.8382201665094093 0.06814250494291585 0.025001306420763925