0 0.30078125 0.8359375 0.30625 0.175
0 0.4953125 0.6359375 0.1671875 0.1234375
0 0.2859375 0.54453125 0.1515625 0.0828125
0 0.2390625 0.4484375 0.3 0.0890625
0 0.709375 0.4546875 0.0765625 0.0609375
0 0.8828125 0.3015625 0.1515625 0.0859375
0 0.58125 0.284375 0.115625 0.0578125
0 0.4 0.26796875 0.1265625 0.046875
0 0.39921875 0.184375 0.0859375 0.0375
0 0.81953125 0.21171875 0.071875 0.028125
0 0.8421875 0.24296875 0.075 0.021875
0 0.80078125 0.18515625 0.0765625 0.025
0 0.7796875 0.1640625 0.0578125 0.0171875
0 0.753125 0.09453125 0.05 0.015625
0 0.7375 0.08046875 0.0546875 0.021875
0 0.61015625 0.22734375 0.0453125 0.01875
0 0.6109375 0.21171875 0.0375 0.0140625
0 0.60625 0.19765625 0.0453125 0.01875
0 0.61953125 0.175 0.0578125 0.01875