0 0.15073659387580027 0.7278222162236991 0.22476898345566476 0.3773797301033596
0 0.37746595202413336 0.511791907770396 0.15619014970954978 0.2094121776670363
0 0.49844850185751766 0.7680197262458484 0.10687935442427943 0.18755816162790725
0 0.6150945004097755 0.8246342643410859 0.1228426104201354 0.35073147131782817
0 0.5812286910658786 0.27092228562200227 0.07609592721213972 0.0952309592838688
0 0.7566716850700226 0.10768750770579745 0.10865587014004507 0.1253585502768552
0 0.7914492152586997 0.436282877076414 0.07515416542531543 0.1419057001845701
0 0.8210233610393081 0.6531594964470304 0.06323636228216216 0.15360466378737564
0 0.9202784983428609 0.6602989728497624 0.04855312406898662 0.10592862739018116
0 0.8641781240689866 0.1581962523071266 0.03830482878371626 0.08657785009228505
0 0.8262222057481872 0.12928070789036758 0.029148152605034026 0.09066457279438911
0 0.8972646058720215 0.1829051580749377 0.03390842721213971 0.09252746144333712
0 0.9234289995857153 0.20950723086932682 0.023514582712657984 0.07005168414544123
0 0.9988602620964105 0.24581377312661754 0.0022794758071789543 0.05997577729789594
0 0.8578169239023709 0.40626351248615944 0.024349336641598995 0.05452681369509058
0 0.875749286598818 0.4066337523071266 0.01766268899896417 0.04475129549649317
0 0.8931914977236884 0.41320392735326916 0.024349336641598995 0.05452681369509058
0 0.91902625165263 0.3992811296973076 0.025077082712657982 0.07015181369509058