0 0.5707124296817417 0.36831573800377876 0.26784233590559836 0.2445292117440431
0 0.8370965363704606 0.291370210086904 0.12203852698730663 0.11937504631872757
0 0.21292706285356422 0.2952184164587727 0.26749241066333224 0.32861311331561965
0 0.27076633204720074 0.12939651736839555 0.16489229852673173 0.19768413688926817
0 0.2737506763275471 0.5574872841176186 0.2363959579295562 0.15117731803034928
0 0.21537082173251515 0.8095013943328663 0.13980518119435104 0.10618584160399784
0 0.4164030800303884 0.7255930829175454 0.16582137797604232 0.09961050992479734
0 0.8587816041677033 0.6874126102107385 0.20136539406758586 0.14020127667402046
0 0.9324269177775723 0.7551138405660314 0.038778276735204995 0.042298815963434676
0 0.6148845026747647 0.801460031841307 0.30692697921687967 0.15757717535011295
0 0.0049155079581582085 0.8133754493380462 0.009831015916316417 0.04960189371369381
0 0.06884392708385172 0.6913228209258334 0.13768785416770343 0.0875086162111037
0 0.4088694494564559 0.7997026710068866 0.04045003737886681 0.04393409057054054