0 0.6274038318840882 0.33477494531714297 0.24917817038771412 0.23111130503579283
0 0.9011302762597356 0.2914142692628975 0.11276117328319835 0.11252936305535757
0 0.27884855376232565 0.2179863476232779 0.24075354838564217 0.3178832629424181
0 0.35396621608726925 0.0770112790803695 0.14855743217453848 0.154022558160739
0 0.3102977227022978 0.4895505344832157 0.22925946856846863 0.13801375241907438
0 0.22377598758949396 0.7343008633377063 0.13071065260503384 0.09643392619541977
0 0.4340927493763183 0.6750491477503349 0.1585445541766104 0.09182202090551303
0 0.8906197885632887 0.6939778271412879 0.21876042287342265 0.1278952997741211
0 0.9628982799815347 0.7698431061510702 0.0742034400369306 0.04277830517696728
0 0.6236347464808342 0.7752480268730566 0.29622864474715094 0.13723947867096395
0 0.09208072373575509 0.5978312842714543 0.13147263192686945 0.07933743145709152
0 0.41790913130318774 0.7480617135212329 0.036194365177646404 0.041064615756780755