0 0.43671875 0.6703125 0.19375 0.1734375
0 0.20234375 0.7109375 0.0875 0.0859375
0 0.73828125 0.7671875 0.1765625 0.25
0 0.6765625 0.90546875 0.109375 0.1515625
0 0.70625 0.53515625 0.184375 0.0953125
0 0.775 0.32421875 0.1046875 0.0703125
0 0.59609375 0.37734375 0.1296875 0.0609375
0 0.16484375 0.365625 0.25625 0.084375
0 0.13203125 0.3015625 0.0765625 0.0265625
0 0.43125 0.29296875 0.2453125 0.0859375
0 0.971875 0.34140625 0.0296875 0.0390625
0 0.89296875 0.43984375 0.109375 0.053125
0 0.98828125 0.42265625 0.0234375 0.0546875
0 0.6078125 0.3140625 0.0265625 0.0328125