0 0.95625 0.7256829516709675 0.0875 0.11450285178688588
0 0.8046875 0.7804447530401116 0.1015625 0.11976335475263547
0 0.91015625 0.608961025283233 0.0796875 0.07043451680591399
0 0.7734375 0.6330776631162237 0.134375 0.16641286167271757
0 0.734375 0.763517238211364 0.0375 0.04059050790866543
0 0.87890625 0.8920626853593451 0.021875 0.03057883794672165
0 0.97890625 0.8547311231157864 0.0328125 0.07946200692008247
0 0.59609375 0.5156952090481604 0.0765625 0.07030718281352506
0 0.503125 0.534563272774594 0.040625 0.04228034190105419
0 0.6546875 0.55714522140545 0.0625 0.04785917984777566
0 0.5625 0.6424513686299809 0.1640625 0.18324753460041113
0 0.246875 0.6053718853987139 0.49375 0.32949377079742775
0 0.57734375 0.42899370509382767 0.1109375 0.07170785672980173
0 0.83125 0.9739912107595904 0.0359375 0.052017578480819185
0 0.375 0.8168425790866539 0.04375 0.042407675893442943
0 0.44140625 0.8211109264249157 0.0359375 0.031151840912470873
0 0.39765625 0.8779220005314727 0.0375 0.04684050790866543
0 0.659375 0.7753049723940333 0.03125 0.046585839923887915
0 0.91796875 0.8389668602642051 0.0296875 0.02777217292769336
0 0.91171875 0.6652746922794275 0.034375 0.043588173916276673