0 0.04853242788948886 0.3121185826579166 0.09706485577897772 0.15236216531583313
0 0.02042508772680097 0.5378513145146295 0.04085017545360194 0.07882762902925915
0 0.12627459104645067 0.46362158553263866 0.17145788524403188 0.21177541300675884
0 0.11626430767257168 0.3032896782753238 0.045603391490547776 0.05396433006601846
0 0.3635155158126816 0.5289313931200456 0.09579428903121964 0.09115126324231468
0 0.4537137898167867 0.4758542027337028 0.04872839149054773 0.05423773213953691
0 0.28315130494209717 0.5039225397269439 0.07689884328594587 0.06451085080120364
0 0.34720978064340446 0.37586518171569383 0.2028078791939077 0.23169693374194403
0 0.6892523557789778 0.29635935824759124 0.5804339512062228 0.4474543836009248
0 0.4184842960633025 0.6197217799249992 0.13487496974937904 0.09769378916129608
0 0.47614434348233753 0.11356881621157315 0.05342498184962743 0.05621033524981471
0 0.40255685255752394 0.1329251174838881 0.04240566861791084 0.041190927992499925
0 0.4272028494342659 0.06160648355365659 0.047129530054229284 0.047851031102777684
0 0.1907512232654204 0.2636892275213885 0.03938066256778665 0.05810502591898139