0 0.629581678839157 0.06172379463467319 0.1247883576783142 0.08383434137714504
0 0.7186702574731771 0.19885426160238143 0.13352474025173783 0.11686509618646848
0 0.5264576014545369 0.10954868102500956 0.08151195435896633 0.08855655771188106
0 0.5824376821631494 0.24162706024376984 0.18324132033565022 0.15600200725639413
0 0.7193699197155947 0.2697843204953888 0.046828378424238794 0.04215278366526398
0 0.8104774039440479 0.11479177484922531 0.03158188672260849 0.026036710344286274
0 0.7505327962657337 0.0332218271188108 0.07919059253146728 0.016790685116542792
0 0.5093231813379568 0.4284152429132419 0.08127515601864026 0.08543155771188111
0 0.5488252344521677 0.5178423306621898 0.047065176764564676 0.045277783665263985
0 0.5357780149463544 0.366225266959859 0.056535265146846925 0.06742560217691826
0 0.64109432220975 0.4501588120578684 0.2058034045687478 0.18639883538669527
0 0.678955055412518 0.7506895138798161 0.3998908269836349 0.4986209722403679
0 0.4287010659859728 0.4544296166897065 0.08700493776222692 0.11991568511654283
0 0.9023222844428791 0.1546206558820841 0.05956517676456485 0.045714293283910835
0 0.8565920354917861 0.6205333433608796 0.04886447510489091 0.04845734736759475
0 0.8445288207598576 0.5538815567003909 0.03577247925407576 0.0402083377489479
0 0.911314501673607 0.5920561684959559 0.053315176764564855 0.04549603847458741
0 0.7483129811281753 0.3432590260303517 0.05116068091374952 0.03762897477225655
0 0.7487344205407874 0.0814683541606528 0.03217388257342364 0.03384921034428625
0 0.5804939060186403 0.10286466060658953 0.04827247925407559 0.04064484736759479