0 0.5649923803215271 0.7738698760071736 0.367160277354167 0.4522602479856527
0 0.621521016148819 0.47731579996063134 0.2379403303564585 0.22979888243296429
0 0.3986472138121177 0.44399266950483335 0.09055487765916678 0.1348153517868859
0 0.6115329927818054 0.23449162999868745 0.1766742156150695 0.1461295365775775
0 0.7838625876715624 0.2219637495800705 0.1866310970739587 0.17151153855474383
0 0.7139345602204861 0.06819015075893411 0.15963087955902786 0.08455536661563352
0 0.5923316639439583 0.08513095855386876 0.09422408510611113 0.0912563527754691
0 0.8153761996600689 0.682276508477319 0.062210365691319325 0.05717051285158128
0 0.8815103459365968 0.6630755223174836 0.07180357123840295 0.06692751482874755
0 0.8185934250587842 0.6112464254735135 0.054325130508958354 0.05372717787060921
0 0.7756656151226387 0.3725539985914873 0.06366376291777787 0.052546679847775654
0 0.7642209284772568 0.29310657912383503 0.07314786569131933 0.05761618182494201