0 0.081301474100859 0.7450828309579547 0.07589088534372679 0.07874477711788863
0 0.08512645544235861 0.8053300091712 0.05872156667727224 0.0798071719450391
0 0.21464977609799546 0.7278762620741939 0.17412948535963518 0.19875105172849494
0 0.21811222545349446 0.8912029761808167 0.16753404002227174 0.16888169530200442
0 0.12466276479944845 0.979397994985435 0.05207157733927246 0.04120401002912999
0 0.3023417747851309 0.8811580379384413 0.0631727093411815 0.05963106426490725
0 0.38122984345158545 0.8818914753228867 0.045767033338636055 0.040380959092057724
0 0.31979980541849606 0.6364365713245362 0.10412497334499946 0.08893813103709683
0 0.3878589147437692 0.5790619920159342 0.12300224267981755 0.10042120031656906
0 0.3489515034213596 0.6583714072970558 0.04892839600572705 0.04359688730530316
0 0.3867680347310425 0.4853119920159342 0.1730204240133631 0.10343855172849495
0 0.2765481500636334 0.47663802249903514 0.11533519334818117 0.11269387978345584
0 0.29429708203372573 0.25691655588513 0.18997266136218052 0.21795569279472177
0 0.25667780868077206 0.11133963143280837 0.1454408640197264 0.14949519780928666
0 0.4464719407622229 0.7166589319076621 0.22262152936027152 0.20484793903379792
0 0.6232628021164492 0.8756571618494023 0.07728975334181776 0.06472774122451135
0 0.7098633734484038 0.8680241697669612 0.07572725334181776 0.06468227711788863
0 0.7004798301240852 0.9341349030739139 0.05859429734245403 0.0688696719450391
0 0.7461044826941351 0.6224221647523962 0.5077910346117298 0.4070997269722394