0 0.26686479225267357 0.047636899593172945 0.14589428298109555 0.09527379918634589
0 0.3900704880961433 0.07484071121756203 0.06774201190385672 0.09883364767057931
0 0.3306909429166035 0.0787336731124926 0.0706761143631847 0.06618492198083885
0 0.3868631539835796 0.22340104195025665 0.17114881303532492 0.15267569990914298
0 0.22920064490839334 0.2058903946183616 0.13988972267624522 0.14947545680654795
0 0.14397673809614334 0.08773793815049795 0.06290906615858276 0.07358798620519007
0 0.08508755142605573 0.14158995646786363 0.04247839149054777 0.05221095318850333
0 0.11145512958669108 0.039457568408222746 0.11275453005422928 0.04964587516934214
0 0.2271563558771736 0.2887847817734913 0.04719316256778665 0.057144114653892505
0 0.2142109282822723 0.36600237901452937 0.03303975897699045 0.04078213025772479
0 0.022165370609700644 0.1964688862506186 0.04433074121940129 0.0601872274987628
0 0.010787509075186308 0.11739553991409173 0.021575018150372615 0.13395892017181654
0 0.4603955818730685 0.33748015208159343 0.0724022408266178 0.0943918091359686
0 0.5044814042781672 0.41170886816039554 0.07564541549465283 0.11486808344622812
0 0.4336921813073344 0.3630909837187992 0.03618293969514959 0.044070904567984306
0 0.5950109555078312 0.42336566316286994 0.06967721662612103 0.1629780348257091
0 0.6190665999252453 0.31588735583592364 0.09119769262201594 0.10318695499752559
0 0.8281098018188391 0.3619457270485369 0.1868465359079618 0.16599457146044044
0 0.9539365036142373 0.34754131106059183 0.08664654800821019 0.12637879353213632
0 0.36367005191703505 0.45110996212207316 0.16673402380771343 0.1993050384437538
0 0.18549907924078984 0.6025916542293001 0.05039088544042358 0.06980788896415202
0 0.17953490467095068 0.6880345092722542 0.050381795081343925 0.06824538896415203
0 0.11793887451852551 0.6701753018998794 0.06121021077238851 0.050068599050060315
0 0.40330368189650956 0.7536274525111347 0.3057430234149299 0.465886108095172