0 0.0578125 0.6953125 0.0921875 0.128125
0 0.09921875 0.5859375 0.084375 0.0578125
0 0.0984375 0.6390625 0.053125 0.0625
0 0.2328125 0.5921875 0.1234375 0.1484375
0 0.2046875 0.73359375 0.1234375 0.1203125
0 0.09140625 0.80703125 0.0609375 0.053125
0 0.1359375 0.86171875 0.04375 0.0359375
0 0.04609375 0.834375 0.0359375 0.1
0 0.2796875 0.7375 0.0484375 0.040625
0 0.34765625 0.75078125 0.034375 0.028125
0 0.18046875 0.934375 0.0515625 0.06875
0 0.10859375 0.96015625 0.1171875 0.0796875
0 0.34140625 0.5296875 0.0796875 0.0609375
0 0.41171875 0.49140625 0.096875 0.065625
0 0.3625 0.55390625 0.0375 0.03125
0 0.42890625 0.4109375 0.1421875 0.0578125
0 0.33515625 0.3859375 0.0859375 0.0796875
0 0.39296875 0.2 0.134375 0.1625
0 0.3890625 0.0640625 0.10625 0.11875
0 0.4359375 0.61953125 0.1671875 0.14375
0 0.55859375 0.78359375 0.059375 0.04375
0 0.63515625 0.79140625 0.0578125 0.04375
0 0.6140625 0.84609375 0.040625 0.053125
0 0.75703125 0.59140625 0.4859375 0.2578125