0 0.7379220729930228 0.4565055596956157 0.486788713881641 0.34120541959226414
0 0.429158714210617 0.3697570055271136 0.22009325075630456 0.22746034500534212
0 0.3699483331324815 0.5893229718618496 0.13369729282674844 0.08416172359113006
0 0.1857911264634331 0.3557763179635001 0.1397066282281439 0.17009922359113014
0 0.1932315579098857 0.18217512685650755 0.1652529314464526 0.17878474282842385
0 0.03505270717325151 0.23501240626060227 0.07010541434650303 0.15127481252120453
0 0.0393826151510802 0.35988592068857256 0.0787652303021604 0.0888293762235353
0 0.6558954488753782 0.19598223274644086 0.05549588317182241 0.05805060217691822
0 0.6449686565528329 0.1282490957231323 0.06251070767745456 0.0692063569862417
0 0.5845121217718561 0.1864410524392215 0.05193384059717552 0.05169147477225655
0 0.3419750605077757 0.2053819922802697 0.04946440445914595 0.06095734736759475
0 0.26185051793312875 0.20884924346139605 0.05480746832111638 0.07049603847458741