0 0.9538377730277606 0.4673797435943684 0.06450042069139812 0.07166098428423436
0 0.9726392488128657 0.411110472916204 0.030170884798020835 0.07162244292790554
0 0.8325227141731297 0.42699880025217823 0.15352947994174038 0.18191358767505647
0 0.9100974478757937 0.2813908937182029 0.1510576978092864 0.1505908130679506
0 0.8319868197416905 0.2577222613770487 0.05765938730530316 0.0510573858558109
0 0.764259762140701 0.2257680940897065 0.04006271034569906 0.036194365177646404
0 0.9848487099499875 0.0719388110055452 0.02575616943775678 0.08077911910658786
0 0.697170235880742 0.46685116646328195 0.09436977711788863 0.07929370181924558
0 0.60912466660127 0.48967654446121 0.11481866943775679 0.0849272717116218
0 0.6824999821198183 0.4347664125343405 0.043278638558944316 0.03946491439185813
0 0.5637690510035791 0.573709096156621 0.16468227711788863 0.08256855913900907
0 0.6551692893250965 0.6232852570338225 0.10429034639736087 0.09848034946188058
0 0.5303642029568657 0.8101025144774207 0.1680466210079672 0.19819355913900907
0 0.49246573469360777 0.9327973058337495 0.12750052586424748 0.0917594685684687
0 0.6281511144105565 0.3452351856937043 0.20187605172849493 0.18104460049533805
0 0.5515444649645526 0.13581098987031476 0.0702957796251713 0.05632708271265772
0 0.47354749709700616 0.10823610752916055 0.06873327962517131 0.056254308105551855
0 0.5141330446688659 0.054072992351514124 0.05181856426490725 0.06482878742738744
0 0.281134508148668 0.291406134203181 0.562269016297336 0.3511988585581086