0 0.0359375 0.5984375 0.071875 0.128125
0 0.08984375 0.50078125 0.084375 0.0578125
0 0.078125 0.55234375 0.053125 0.0625
0 0.21953125 0.53515625 0.1234375 0.1484375
0 0.1625 0.6671875 0.1234375 0.1203125
0 0.03671875 0.715625 0.0609375 0.053125
0 0.06875 0.778125 0.04375 0.0359375
0 0.23515625 0.68671875 0.0484375 0.040625
0 0.29921875 0.7140625 0.034375 0.028125
0 0.096875 0.85859375 0.0515625 0.06875
0 0.0375 0.8921875 0.075 0.128125
0 0.33828125 0.49609375 0.0796875 0.0609375
0 0.415625 0.4734375 0.096875 0.065625
0 0.3546875 0.52421875 0.0375 0.03125
0 0.4484375 0.39765625 0.1421875 0.0578125
0 0.3625 0.3546875 0.0859375 0.0796875
0 0.4578125 0.184375 0.134375 0.1625
0 0.48125 0.0546875 0.10625 0.109375
0 0.41171875 0.60390625 0.1671875 0.14375
0 0.4984375 0.78984375 0.059375 0.04375
0 0.571875 0.81328125 0.0578125 0.04375
0 0.53984375 0.8625 0.040625 0.053125
0 0.7421875 0.64453125 0.50625 0.2578125