0 0.5904754310538969 0.9667410004633361 0.14096496144333698 0.03454366950744614
0 0.6805904888888913 0.9189632101746502 0.08912066162790708 0.1013293762235353
0 0.6314613764581051 0.946517780500403 0.08399307063492074 0.06997024881887377
0 0.6015865044665949 0.7980083586307043 0.19997662091177587 0.17691470798203354
0 0.4867007865448528 0.8991120455613455 0.1681258436138801 0.16644843393541642
0 0.44235120681063334 0.8301909199707824 0.06025518198597268 0.06446429328391083
0 0.3925025986987839 0.7732067991895426 0.04342862739018098 0.04516865626060227
0 0.600837927971578 0.6641417901190498 0.09234579117755662 0.1030010036281972
0 0.5976745527408653 0.5781224445655535 0.10282221622369896 0.12051588584218216
0 0.5666434006736821 0.6559399097191634 0.046854016039128865 0.04996528366526398
0 0.6628198889534899 0.519471641662996 0.11051360271317882 0.1675545769491748
0 0.7365763664359559 0.5951958387604384 0.1133591980251019 0.11464783175849824
0 0.8772142535437443 0.44386397333667615 0.21816541640826942 0.19313990870767306
0 0.9636083243355487 0.38314967342934336 0.07278335132890276 0.13301588584218216
0 0.465071606256923 0.6226859548171727 0.20903024830195704 0.22088296279135697
0 0.24621218229051464 0.5919617775899961 0.06720608883351806 0.07562004809323426
0 0.19722516733111986 0.5239855931064256 0.06554345928386876 0.0740029843909035
0 0.15804155382059948 0.5723338130693587 0.06922966378737554 0.058541675497895976
0 0.3137759099298642 0.3022420239617991 0.44213595156884616 0.5985069989036916