0 0.06171875 0.7125 0.0828125 0.103125
0 0.21796875 0.7609375 0.0921875 0.1078125
0 0.10234375 0.5953125 0.0734375 0.0609375
0 0.23828125 0.615625 0.121875 0.15
0 0.2859375 0.7421875 0.0328125 0.0375
0 0.15234375 0.87265625 0.0203125 0.0265625
0 0.0515625 0.8390625 0.0265625 0.075
0 0.40546875 0.4953125 0.071875 0.0609375
0 0.49765625 0.5109375 0.0359375 0.0375
0 0.35 0.5375 0.059375 0.040625
0 0.446875 0.61875 0.15 0.1625
0 0.7609375 0.5734375 0.478125 0.271875
0 0.41796875 0.409375 0.10625 0.0578125
0 0.2046875 0.95234375 0.0328125 0.05
0 0.64375 0.784375 0.040625 0.0375
0 0.578125 0.790625 0.0328125 0.0265625
0 0.625 0.8453125 0.034375 0.0421875
0 0.3609375 0.7515625 0.028125 0.0421875
0 0.11015625 0.82109375 0.028125 0.025
0 0.1046875 0.65078125 0.03125 0.040625