0 0.19206291981530482 0.89433015860089 0.15420875212603188 0.13482026385373871
0 0.3920951285995981 0.9874594203877141 0.07869882697140156 0.02508115922457179
0 0.36368269936208186 0.8670335661683225 0.21246753333979881 0.18111737510244375
0 0.21438407209111787 0.8130266546719485 0.05369882697140156 0.04764128742738762
0 0.5070174664910232 0.6674595593438969 0.09059279121570665 0.09916955417661058
0 0.4906905780101717 0.5600451656302032 0.05564396424430509 0.05240156203449331
0 0.456156726033921 0.7333178457378271 0.06562474212409235 0.07932793507002245
0 0.3624860875530694 0.6223011089723934 0.23389599425012414 0.2148031703877141
0 0.4101571525656772 0.28809092886476956 0.44843569486864554 0.5547861232404171
0 0.6086755613402722 0.6518046341986719 0.09859648091420467 0.140012877997928
0 0.1707761749854525 0.3961430616202085 0.05602660151720875 0.05708906203449331
0 0.162118909982543 0.47337764970954976 0.04094373545613248 0.04393409057054072
0 0.0982953971056654 0.41943070430044493 0.06033146424430513 0.0526198858558109
0 0.20499283876101737 0.726325021297337 0.058003689698497854 0.043172111248705035