0 0.03125 0.590625 0.0625 0.103125
0 0.16015625 0.67890625 0.090625 0.1078125
0 0.09140625 0.4890625 0.0734375 0.059375
0 0.2171875 0.54375 0.1203125 0.1484375
0 0.23125 0.67890625 0.0328125 0.0375
0 0.06796875 0.76953125 0.0203125 0.0265625
0 0.41015625 0.47109375 0.071875 0.059375
0 0.49453125 0.509375 0.0359375 0.0375
0 0.3453125 0.49765625 0.059375 0.040625
0 0.41796875 0.60078125 0.146875 0.1609375
0 0.74375 0.64140625 0.4984375 0.2640625
0 0.44375 0.390625 0.10625 0.05625
0 0.09765625 0.8609375 0.03125 0.05
0 0.565625 0.81171875 0.0390625 0.0375
0 0.5 0.80078125 0.0328125 0.0265625
0 0.53125 0.865625 0.034375 0.0421875
0 0.30078125 0.70703125 0.0265625 0.0421875
0 0.040625 0.709375 0.028125 0.0234375
0 0.07890625 0.54375 0.0296875 0.0390625