0 0.3843489587627354 0.40818250349722207 0.7052216396281104 0.4151314763483658
0 0.6384626583944183 0.370744806386422 0.3293918411013788 0.20973573323126704
0 0.26713468956909886 0.5718537312541008 0.3927659262506724 0.2247824130790427
0 0.3751060906740501 0.7196293394667773 0.5381219849168628 0.2758886097327323
0 0.3751446594796991 0.8199158409496521 0.42278120818165765 0.23067958600673605
0 0.3352519969747815 0.892666979011198 0.4160941656070108 0.21466604197760403
0 0.31645843830859116 0.934319273973142 0.31720891535490925 0.13136145205371613
0 0.11955911112819435 0.1725355276803289 0.13668018119435105 0.10528436068413449
0 0.20330568043804637 0.12893937798434005 0.23123856436617346 0.1652270464634092
0 0.7815949353817249 0.26218950155723686 0.24395708565349708 0.16886138243296428
0 0.5729733242535306 0.08602495509382765 0.2509283514929388 0.1348683844101307
0 0.714958728460575 0.10591298524561447 0.1603362024816745 0.10936436562705039