0 0.10703125 0.375 0.1046875 0.140625
0 0.215625 0.46171875 0.1375 0.2109375
0 0.10703125 0.56640625 0.0890625 0.1359375
0 0.02890625 0.68359375 0.0578125 0.0890625
0 0.38125 0.4125 0.1140625 0.1609375
0 0.3078125 0.55078125 0.0578125 0.0875
0 0.29921875 0.64765625 0.0828125 0.1
0 0.4125 0.59921875 0.0421875 0.046875
0 0.49765625 0.40234375 0.1171875 0.14375
0 0.4875 0.56328125 0.075 0.103125
0 0.4109375 0.775 0.29375 0.3203125
0 0.68828125 0.46875 0.1640625 0.2109375
0 0.59375 0.490625 0.0453125 0.0640625
0 0.5890625 0.5625 0.046875 0.059375
0 0.6359375 0.61796875 0.0703125 0.0984375
0 0.90703125 0.46171875 0.1609375 0.2078125
0 0.975 0.51640625 0.05 0.1171875
0 0.87109375 0.59609375 0.065625 0.071875
0 0.93515625 0.64765625 0.0890625 0.096875
0 0.86171875 0.73671875 0.1125 0.203125
0 0.721875 0.7453125 0.1640625 0.209375
0 0.8015625 0.684375 0.0765625 0.0703125
0 0.9359375 0.3046875 0.0578125 0.09375
0 0.73203125 0.3484375 0.065625 0.0640625
0 0.24609375 0.7734375 0.0640625 0.084375
0 0.04296875 0.52265625 0.0296875 0.046875