0 0.09453125 0.4234375 0.0921875 0.1328125
0 0.2125 0.496875 0.115625 0.203125
0 0.11796875 0.6140625 0.075 0.13125
0 0.04609375 0.740625 0.06875 0.0828125
0 0.371875 0.42734375 0.0984375 0.1546875
0 0.315625 0.57421875 0.0484375 0.084375
0 0.31875 0.67109375 0.0734375 0.09375
0 0.425 0.609375 0.0390625 0.04375
0 0.4859375 0.403125 0.1046875 0.134375
0 0.4953125 0.5640625 0.065625 0.0984375
0 0.4453125 0.784375 0.265625 0.296875
0 0.6828125 0.44609375 0.1453125 0.1984375
0 0.59140625 0.47890625 0.0390625 0.0609375
0 0.59609375 0.55078125 0.0421875 0.05625
0 0.64921875 0.60078125 0.059375 0.0953125
0 0.9 0.4125 0.140625 0.1984375
0 0.97734375 0.45703125 0.0453125 0.1140625
0 0.8796875 0.55 0.059375 0.065625
0 0.95 0.59375 0.08125 0.090625
0 0.8875 0.690625 0.090625 0.1984375
0 0.75 0.71640625 0.14375 0.1984375
0 0.821875 0.64609375 0.0703125 0.0640625
0 0.909375 0.253125 0.0484375 0.090625
0 0.71171875 0.32109375 0.0609375 0.0578125
0 0.28125 0.80234375 0.0546875 0.0796875
0 0.04921875 0.578125 0.025 0.0453125