0 0.06040199570458684 0.5463568495324618 0.11131371551297517 0.15684996369925486
0 0.1866612805302959 0.4768932563447118 0.14362160447712724 0.20702268052176756
0 0.11315626074259219 0.3593881146577723 0.11016065128862396 0.16465337334017516
0 0.05638171754914012 0.22069831938003662 0.09800148801421238 0.1114738311856975
0 0.31663978686187405 0.30665750351604143 0.08698210085908258 0.10984769867214013
0 0.2995983717784402 0.40828818120913857 0.07415455223856356 0.10352497579950323
0 0.3376262369981596 0.5619262656162898 0.11723616689245615 0.1506363251355733
0 0.4445855659218319 0.6073836904807166 0.10547979534115867 0.13494769262201595
0 0.47896496721045584 0.4431711995559029 0.07751856965141819 0.13790906615858275
0 0.647744865446862 0.575742284159446 0.15406778154634876 0.1977113130353249
0 0.6467223552700968 0.41642182631392366 0.08155761646291496 0.0957579275949012
0 0.523610161126705 0.21719905201523093 0.18694888059640907 0.2588215298578375
0 0.752945779059958 0.2970900433328281 0.14238665309764614 0.21326359016268787
0 0.8621072585948856 0.628384974247379 0.14379202283992143 0.18046927088084708
0 0.9436748411366025 0.5771446611138583 0.05844102103089917 0.13154998184962743
0 0.9043102052246683 0.32979293814302557 0.13038462008095947 0.19288745764913057
0 0.42052170341564593 0.38103026873954776 0.0590275192218769 0.08313066256778665