0 0.3610142471713296 0.13794107154500598 0.1616556383672898 0.13093328453190334
0 0.46193133167667677 0.2536089210068867 0.23846357806243948 0.17668674028009032
0 0.5681273104030462 0.13352120698653208 0.1537431444174139 0.11338191149637403
0 0.688921599434266 0.05631235173368311 0.10028180113146803 0.05309507485477487
0 0.4202382144848217 0.4353105312221344 0.18360336123992677 0.1444521290313853
0 0.5652967053114395 0.3514171823794262 0.09883747579950324 0.07333480024766903
0 0.6685171540817756 0.33981405644841284 0.11619769262201593 0.10382282092583353
0 0.6248166301758663 0.4635940047530017 0.05341589149054773 0.05247433664159899
0 0.4179393953993727 0.5618002566150286 0.164871541958086 0.14670383374611512
0 0.5907274556060271 0.5471856007002258 0.11770565046753809 0.09452059553293939
0 0.8139654885871226 0.4575559822128105 0.3691782886384363 0.35928953266987645
0 0.5027087842576418 0.7665841100058508 0.24175220452587265 0.20495728949430186
0 0.5197195431364363 0.6634419933804623 0.07219316256778666 0.058035131926869356
0 0.5971223804704539 0.6568880864322022 0.06750566256778665 0.05781680810555194
0 0.6601309196980654 0.7067104580199894 0.11142837939029934 0.08954199710451594
0 0.5070185134749905 0.9514298751024439 0.23192268657189175 0.09714024979511215
0 0.6531758959885478 0.9608573599034068 0.08325792759490121 0.07828528019318633
0 0.7099980677297166 0.9876574544028888 0.10963862041330899 0.02468509119422251
0 0.8048565706565828 0.9373042937328296 0.22892495159900647 0.12539141253434066
0 0.8041803806668456 0.7962546091772812 0.24175220452587248 0.20495728949430206
0 0.743492344660688 0.8848590368037058 0.08332156010845856 0.09135705417661058
0 0.37503323615123574 0.8176842295267234 0.0738829275949012 0.0799829065339754
0 0.8017205395221991 0.2788123980524107 0.09574883723582168 0.07943925103345731
0 0.51616990066393 0.06467700764848587 0.051762487899751616 0.03677656203449329