0 0.1573588515287953 0.2804532902976228 0.14357883374611502 0.1751589809142046
0 0.25318723593686415 0.3847743863548197 0.19565506410140793 0.25723789940087516
0 0.12572151550636873 0.47673822999612064 0.12602746071058574 0.16594347758022465
0 0.04604047766469652 0.5844069509083856 0.04215757485477487 0.10306109818322895
0 0.42983962716935853 0.35545419286329993 0.157097678245597 0.19805434697528082
0 0.3316825711307212 0.4873734857459965 0.08129284946188076 0.10781224212409235
0 0.30721557216417855 0.5850455822622355 0.11178087014004516 0.12742311151914834
0 0.4303427030575907 0.5514681945302898 0.05574488585581072 0.06058655575957417
0 0.5500622359368641 0.36054069240425796 0.1562971575674325 0.18086684697528083
0 0.5129539958616617 0.5235507464968422 0.10404114474715094 0.12834788273097572
0 0.39946734635699965 0.7304380884711532 0.3836003279551468 0.4157832072864814
0 0.7324274338271684 0.4538767489127382 0.22243588792272534 0.26409367728066224
0 0.6325002084342742 0.46360217740134846 0.06279540653397539 0.07828423879011233
0 0.6162802030575907 0.5362902493717802 0.06264985731976366 0.07515923879011233
0 0.6544929865560366 0.5990454698250032 0.09750004631872748 0.12158769970043756
0 0.9240690084770554 0.47538573178379684 0.15186198304588922 0.25465503333979883
0 0.9871544364130662 0.5377264929936845 0.025691127173867657 0.12751896424430526
0 0.897245566787495 0.6082459002704674 0.08532537799792798 0.0941323793969957
0 0.9479688889561828 0.6674456860261623 0.10406222208763438 0.12404302000387943
0 0.8639151441234691 0.7513420670901481 0.16687509263745498 0.2408795757634536
0 0.7207087996239873 0.7410737310348908 0.22080061331561965 0.26240363152302776
0 0.8116398606250232 0.6897347584556359 0.09626287799792799 0.09502519970043757
0 0.9853853440851973 0.31943887859959813 0.029229311829605465 0.11151132697140156
0 0.7975001621155465 0.3356371898191841 0.08332623035529281 0.08462983363936125
0 0.23213214309001198 0.707239188780414 0.0874700748547749 0.10675992515463033
0 0.06837774234700493 0.4241710815133294 0.04309933664159915 0.05644118969849785