0 0.11052097774940255 0.5831794196946186 0.1337048045516262 0.17388352333785928
0 0.2489938042617621 0.4971626871134241 0.17496727546389118 0.261064530005819
0 0.1395395716805676 0.36060304696558254 0.11313721303635713 0.16910042848861026
0 0.06766508743238314 0.21232478575569486 0.07079047424624478 0.1066643303053814
0 0.4343091641139205 0.5803424936219044 0.14668303667377885 0.19977634364130098
0 0.3691152435012181 0.4079252307450266 0.07248052000387935 0.10835437606301604
0 0.3740582218303488 0.2950585689263159 0.1048784318225902 0.12496779121570664
0 0.4972243969849792 0.368368909982543 0.05433655575957417 0.05720646424430509
0 0.567185308054784 0.6088186957382379 0.14789485030926067 0.17659393515657004
0 0.5793511128962743 0.4206491449796335 0.09588606909549373 0.1288900166698994
0 0.5221772442501241 0.18121070605428743 0.3692908445593849 0.36242141210857487
0 0.7975744386597279 0.5601268778506922 0.20752468394862209 0.26061799091614424
0 0.6905592930518745 0.5208886478545715 0.057684696366457545 0.07920901000193972
0 0.6970806178972441 0.43699200891467793 0.06198955909355401 0.07490414727484325
0 0.759214085016487 0.37922756421521014 0.0876909318225902 0.1235647878817268
0 0.974456963495399 0.6014222022370198 0.05108607300920198 0.24346269970043757
0 0.9930157737969012 0.44085149299368454 0.013968452406197684 0.08558655575957416
0 0.9824135004590421 0.27763401587250175 0.03517299908191589 0.2404016015172088
0 0.8771991972845417 0.24455006208917823 0.20596218394862192 0.26049044515850966
0 0.9569828078856061 0.327362819965086 0.08603438422878788 0.08839256242753404
0 0.8299400127561913 0.7061250330014431 0.0841196506088231 0.0798147878817268
0 0.3308348960668953 0.1412957112001893 0.07834788273097573 0.1041770590935541
0 0.05797057834852739 0.40186551787784747 0.038966647274843266 0.059056006667959696