0 0.5146330621426863 0.9111427837078431 0.16319445916315994 0.11679800992479769
0 0.45530764744456353 0.780877394956548 0.21573910580511538 0.14732457195929083
0 0.3286930729424596 0.8525063000427814 0.1725148954608291 0.11567215756743252
0 0.1840998247565581 0.9022794758071789 0.11539187622353539 0.0880522717116218
0 0.2940923505324557 0.6459673556671337 0.11393850362819702 0.09110449710451576
0 0.39647330606741854 0.6646745062052529 0.1087599303072194 0.07682367328319835
0 0.557264473127794 0.6305798343697967 0.15710815027015243 0.12119441149637389
0 0.6129291413692959 0.5215643992997742 0.14099207694917482 0.10640416542531543
0 0.4488195121505356 0.48303920843878334 0.14318949400955033 0.07998721463952715
0 0.6002307008104574 0.3147878604246447 0.20830855172143128 0.1578981989237615
0 0.43740331859647225 0.3129814195636539 0.09814981252120454 0.0856892510334573
0 0.2224727777596322 0.4325448645584739 0.27028276206571755 0.1904239086008898
0 0.32630707277282356 0.20156023015040508 0.22193454210278443 0.1460531703877142
0 0.674841287293461 0.09846719355158717 0.18766866950744615 0.14757712903138534
0 0.6301884970047752 0.02123918341739274 0.13192461179556503 0.04247836683478548
0 0.37416667549789595 0.05732229053001394 0.20274803248413759 0.11464458106002788
0 0.3796354917321155 0.5410379530620999 0.08628472958157998 0.05861732878371626