0 0.4617286736837974 0.04950280219319547 0.14845734736759475 0.05386699459715381
0 0.6793353251350762 0.09648203093474657 0.1955704495445131 0.10806864718563744
0 0.5400024958236488 0.14762105475344423 0.2531498257680484 0.19406633134415213
0 0.4295709712288775 0.31193491275889146 0.1833085517214313 0.1588120998305908
0 0.6070312831171097 0.2809487652203182 0.1200793762235353 0.08963789462538863
0 0.7249553930985764 0.3088679098457069 0.13874009618646851 0.132826452503779
0 0.3925025355641805 0.4337420233245875 0.2019692716843644 0.2020006577089811
0 0.5739261503549704 0.4715968810476861 0.19462799763774719 0.17038663666229362
0 0.6346156244942549 0.401063844145396 0.0997668762235353 0.0884548262236546
0 0.40774562276497434 0.6693077970021107 0.26783237386128267 0.25729437343752687
0 0.46876991360181447 0.5637095153614926 0.09179068511654265 0.08331229991529554
0 0.5442337050716267 0.5813590179217413 0.0900099303072194 0.07697129465362362
0 0.601622108337004 0.661887952080256 0.13183533175849824 0.1137124314570915
0 0.24796637339794653 0.7824084945265667 0.09718751324684387 0.10389781570031094
0 0.165838408877309 0.8641674577654509 0.1702083509957919 0.14089655773721574
0 0.338685631835467 0.8775894328078031 0.2597470553496284 0.2448211343843937
0 0.38632701286832577 0.961410331450033 0.16711806733052798 0.07717933709993403
0 0.5154812556119317 0.8073453942724529 0.061339293283910835 0.05970819994353036
0 0.56189989862569 0.7523540573842802 0.06931548439090332 0.06485072625188941
0 0.7877306676933477 0.4691221413592682 0.42453866461330475 0.48761745222143027
0 0.8772073738612827 0.29278642548954814 0.10607143992586607 0.09038134727034208
0 0.9412376136096636 0.33429065700310945 0.11752477278067275 0.13853042093374784
0 0.7054514911839613 0.7996980361964183 0.24782740870767306 0.22026481029746492
0 0.5075174773889632 0.8918646074407498 0.09724207694917482 0.10546031570031075
0 0.5415775080590024 0.9576815103115821 0.11793652286549072 0.0846369793768357
0 0.6727158914541139 0.8884610734516443 0.3150347560752678 0.22307785309671146
0 0.8289311751193779 0.9562162628012437 0.09718751324684405 0.08756747439751252
0 0.8691717400028349 0.8887590781486189 0.13759425843752027 0.10001395250377883
0 0.8944519929980599 0.8535874175970403 0.11199405771188112 0.08137036831702957