0 0.0890625 0.54453125 0.10625 0.1265625
0 0.16875 0.72421875 0.10625 0.165625
0 0.09140625 0.70546875 0.0421875 0.0671875
0 0.1453125 0.87265625 0.1234375 0.1109375
0 0.22109375 0.5828125 0.1296875 0.2015625
0 0.35625 0.45703125 0.1125 0.1421875
0 0.34453125 0.6203125 0.0609375 0.0953125
0 0.378125 0.7203125 0.09375 0.10625
0 0.45859375 0.403125 0.1484375 0.153125
0 0.5078125 0.55859375 0.1203125 0.1515625
0 0.4515625 0.6234375 0.0625 0.0765625
0 0.66640625 0.3765625 0.184375 0.2046875
0 0.57890625 0.44921875 0.0578125 0.0703125
0 0.60078125 0.5125 0.0515625 0.0703125
0 0.67578125 0.55078125 0.0796875 0.103125
0 0.75078125 0.215625 0.0765625 0.071875
0 0.81484375 0.1296875 0.0984375 0.134375
0 0.84296875 0.28046875 0.178125 0.1984375
0 0.940625 0.30234375 0.0828125 0.140625
0 0.7953125 0.4484375 0.0421875 0.046875
0 0.7515625 0.5 0.046875 0.053125
0 0.528125 0.7734375 0.3578125 0.3625
0 0.378125 0.85703125 0.0625 0.08125
0 0.42421875 0.93046875 0.0953125 0.13125
0 0.80546875 0.61875 0.153125 0.1921875
0 0.86875 0.428125 0.0796875 0.0734375
0 0.946875 0.44296875 0.0921875 0.0875
0 0.903125 0.5671875 0.19375 0.240625
0 0.96015625 0.70078125 0.078125 0.071875
0 0.89765625 0.74921875 0.065625 0.1109375
0 0.86875 0.77734375 0.0515625 0.0890625