0 0.916298524753471 0.41496887199891097 0.09806712743398442 0.1605858105039836
0 0.7739922479681098 0.3675208736482635 0.1208694277582957 0.2143473079967011
0 0.8348461530015296 0.22661707733004502 0.09513304220663663 0.17143238229073815
0 0.8781716387980701 0.06668213618467589 0.0878739212654743 0.11343802586424748
0 0.6133842102257 0.2119564984171544 0.07847164772652385 0.11160274122451135
0 0.6441314241048479 0.3165841624446347 0.0658898271096728 0.10655152837152997
0 0.6252565133893853 0.48909565993735227 0.1026455332781829 0.15447220282385174
0 0.5170542755642499 0.55946564740094 0.09143529788867966 0.13852895407749272
0 0.45862634658813806 0.3915483731860452 0.06185689204448082 0.1439151360516619
0 0.29756393587267543 0.5681971043814267 0.1362762394466932 0.20230194906292792
0 0.27737634658813803 0.39682220955427616 0.0751011858759707 0.097449313011266
0 0.38264667897611193 0.1584834720906885 0.16083195454365712 0.2670464106622681
0 0.14890469886161425 0.2911298021907133 0.11941602191409725 0.22055184389007837
0 0.07733898497917102 0.6691842575218474 0.1281364569792891 0.18332462852981452
0 0.025776890419627857 0.35724419866721646 0.04249896590774284 0.19801160266556703
0 0.5127450564100963 0.31259064740093995 0.04993754464226861 0.08734688730530316