0 0.4452032911313534 0.9490408313063892 0.1619570989738195 0.10191833738722167
0 0.40448998499492994 0.8239181172099309 0.24302656743868062 0.1758767414506252
0 0.2591761785741659 0.8877597988213196 0.15570709897381957 0.11450152393569439
0 0.11484429711527702 0.9094139804327085 0.09505923328250003 0.05843205547083343
0 0.5195909209747217 0.6812058999793408 0.18604921561506949 0.14331750816812522
0 0.3550556422893744 0.6976998029053822 0.10007404160312508 0.07260365824437506
0 0.2572727589306244 0.6672836446610072 0.11795252583555564 0.10269120174736131
0 0.34928038060586764 0.5764060311538892 0.055851262917777866 0.0512728656913195
0 0.5768605199485413 0.5715412656706602 0.16737195079743064 0.14600609707395834
0 0.4147430328663191 0.517740852392292 0.11933318787965277 0.0949150693385418
0 0.18329986982383667 0.5059447947372571 0.36659973964767334 0.35709298670097256
0 0.588056512349097 0.3591867360353825 0.24528005167111128 0.20560060904180572
0 0.5282619786297567 0.4429973851617019 0.07314786569131951 0.05636040919430556
0 0.456932492497465 0.41788697596739616 0.0700592332825 0.05785017401194459
0 0.42097811512263855 0.35060790377906287 0.11446384992375017 0.08699346656500007
0 0.6821013723408332 0.14719718873267418 0.24360844889756966 0.20087674145062523
0 0.6583203398557638 0.060659623478195 0.1281626740119446 0.0716957748856251
0 0.5363349306614582 0.1297343189572921 0.0830320119678472 0.07845361474138893
0 0.5107186412425346 0.05487913611163238 0.11606271751493065 0.08859233415618065
0 0.3951657232145139 0.08267486815986144 0.22994468597979179 0.15058580072118075
0 0.3303375441685762 0.2148320983082294 0.24368118407993072 0.20400174145062522
0 0.4222535936554859 0.16147266859670176 0.0864479526972918 0.09102634992375007
0 0.8477802705172222 0.18232033719340351 0.10792290919430556 0.07434799620027785
0 0.7231582109623261 0.36467628267250063 0.0767820119678472 0.07830814437666671
0 0.11263240615708277 0.6686071424768057 0.09709451196784728 0.07878092306201409
0 0.27774303419749924 0.9632325775066668 0.05065461664125 0.02928876291777769