0 0.0875 0.5140625 0.084375 0.14375
0 0.21640625 0.5640625 0.1046875 0.1921875
0 0.15546875 0.690625 0.08125 0.153125
0 0.1109375 0.83515625 0.078125 0.1
0 0.3578125 0.71328125 0.06875 0.0984375
0 0.3328125 0.615625 0.05625 0.0953125
0 0.35625 0.45859375 0.0890625 0.1375
0 0.4578125 0.39921875 0.0796875 0.1234375
0 0.50546875 0.55546875 0.0515625 0.1296875
0 0.65859375 0.40078125 0.11875 0.1796875
0 0.67109375 0.5578125 0.065625 0.0859375
0 0.56796875 0.771875 0.1390625 0.2375
0 0.78515625 0.66015625 0.103125 0.196875
0 0.86328125 0.31796875 0.1109375 0.1640625
0 0.9625 0.3546875 0.0609375 0.121875
0 0.93046875 0.60625 0.09375 0.1796875
0 0.453125 0.625 0.0421875 0.0765625