0 0.10078125 0.39375 0.1015625 0.1234375
0 0.1109375 0.590625 0.0984375 0.1640625
0 0.0453125 0.54609375 0.0390625 0.0671875
0 0.04765625 0.7203125 0.0953125 0.10625
0 0.21015625 0.47734375 0.1203125 0.1984375
0 0.38046875 0.40859375 0.10625 0.1390625
0 0.31171875 0.55625 0.05625 0.09375
0 0.3078125 0.66171875 0.090625 0.103125
0 0.49609375 0.3953125 0.1421875 0.146875
0 0.4859375 0.55703125 0.1140625 0.146875
0 0.41015625 0.5984375 0.059375 0.075
0 0.69921875 0.44453125 0.1765625 0.1984375
0 0.59140625 0.48046875 0.0546875 0.06875
0 0.58984375 0.5484375 0.05 0.06875
0 0.64609375 0.61015625 0.075 0.1
0 0.8359375 0.325 0.075 0.06875
0 0.9265625 0.2671875 0.0921875 0.13125
0 0.89921875 0.41796875 0.171875 0.1921875
0 0.971875 0.47265625 0.05625 0.1390625
0 0.79375 0.5578125 0.040625 0.0453125
0 0.73515625 0.58984375 0.0453125 0.0515625
0 0.428125 0.765625 0.3453125 0.35
0 0.2578125 0.78984375 0.059375 0.0796875
0 0.275 0.875 0.090625 0.1296875
0 0.74296875 0.7203125 0.146875 0.1875
0 0.8703125 0.56484375 0.0765625 0.0703125
0 0.9375 0.60703125 0.0890625 0.084375
0 0.8640625 0.7125 0.2109375 0.2328125
0 0.8578125 0.85234375 0.075 0.06875
0 0.78203125 0.875 0.0609375 0.109375
0 0.7453125 0.890625 0.0484375 0.0890625