0 0.6881602934244527 0.14330912252826447 0.17383869480442443 0.11650043502986121
0 0.5870535353067778 0.25653386151034774 0.2290171185055307 0.1458983007211807
0 0.47723643019392786 0.13918074771888927 0.18162392126547414 0.11511977298576404
0 0.342828428165333 0.04468325246854195 0.12315685633066602 0.07627417211208344
0 0.3760672167185217 0.338306619109792 0.12030459172016936 0.09182643692972228
0 0.48801779179959953 0.3541881518792018 0.1138091298696164 0.07761846656500007
0 0.6442326099808187 0.4452885434060769 0.16613528896022595 0.12256859707395851
0 0.668384950483172 0.5762664396826047 0.1502648271096728 0.10814242116215275
0 0.4853406254020941 0.5587301815144796 0.1528716298696164 0.07852765634451409
0 0.5892134679330424 0.7829327073500352 0.21991485389503396 0.16130509517409736
0 0.4195770779171564 0.728223757502535 0.10459777110331832 0.0867752610179167
0 0.2341775458567894 0.5310181831300003 0.2860580511350904 0.19252003400368078
0 0.26861064163414855 0.8035841673624308 0.235294392044481 0.1476062710859029
0 0.6028880044576364 0.9768216456109376 0.18850912094116268 0.04635670877812466
0 0.27431299106495566 0.9513131525447918 0.2060239034085667 0.08132665444465274
0 0.4315513778377261 0.47469936720993094 0.09160684740221221 0.05835932028847228