0 0.5194002728205168 0.029863992319253733 0.15182445435896633 0.05972798463850747
0 0.7172215435664413 0.05631731740395833 0.2008073286340199 0.11263463480791666
0 0.8739218294592128 0.031852884596155165 0.14278134108157445 0.06370576919231033
0 0.5678475829836975 0.12248704791974399 0.2436819128671175 0.17753127872743363
0 0.43924621845690615 0.2902044399142968 0.1777250261445092 0.14880006299888784
0 0.6144480506154111 0.2465546084995574 0.11685745850815117 0.08458637357870132
0 0.7236687626480472 0.26274948492085615 0.13352474025173783 0.11978042093374786
0 0.38673467986484233 0.4083775872411085 0.19631000539858476 0.1887726156156063
0 0.5554012468765004 0.43044376108804105 0.18769202199532414 0.15715859456891898
0 0.6222703607785919 0.358880303252003 0.09486405933798814 0.08174979991529537
0 0.36812269936136693 0.6334685925027804 0.25743768216314944 0.23588981029746475
0 0.44228409500704496 0.5272571188817268 0.08825886182749905 0.07669827886860806
0 0.5114718028904962 0.5380056321064937 0.08622276514684693 0.07035727360693614
0 0.5565698927226711 0.6100479611021585 0.12777164772027055 0.10544490514873246
0 0.1995601082797922 0.7537341318241448 0.0943671518694554 0.09572129465362345
0 0.10992800060147798 0.8382904133235888 0.16560353444287892 0.13253802616718496
0 0.27316170641033677 0.8396723608480446 0.2507140854824973 0.22927578925077724
0 0.3027765062005554 0.9312837371987562 0.16647895020978148 0.10303253669052878
0 0.45216396740799897 0.7561332768024694 0.05859467261537983 0.05474768415851479
0 0.5054082891935417 0.7001416110598061 0.06676237012586875 0.05989021046687384
0 0.7683748435571525 0.41181704550066955 0.42607297345450557 0.4494958259413059
0 0.8711241031049222 0.23627174295453823 0.10123245850815117 0.08367632096198285
0 0.9187085755105204 0.27550157195020314 0.09914974025173748 0.11777830517696727
0 0.6358644611842216 0.7337669111868631 0.23920790041956294 0.2006047576807463
0 0.4335072105595216 0.8381113188958442 0.0947223493799445 0.10040879465362344
0 0.45252805246628897 0.9155614847090947 0.11285704274124875 0.113909852532014
0 0.5846669688578915 0.8448633058828389 0.3004539763542905 0.2492844523626047
0 0.7306297416784083 0.8791410533931774 0.0943671518694554 0.0957212946536238
0 0.7804297547506629 0.8070161534355297 0.1329560551888033 0.09174642619541977
0 0.8096562360793309 0.7703128139871083 0.10665366431700996 0.07310284200867016