0 0.0890625 0.4640625 0.06875 0.1375
0 0.2109375 0.52890625 0.0828125 0.1828125
0 0.13515625 0.646875 0.0640625 0.146875
0 0.07265625 0.78515625 0.0671875 0.09375
0 0.3328125 0.69453125 0.0578125 0.0921875
0 0.3203125 0.59453125 0.0453125 0.090625
0 0.3625 0.44140625 0.075 0.1296875
0 0.4703125 0.39453125 0.065625 0.1171875
0 0.4984375 0.55546875 0.0359375 0.1265625
0 0.66953125 0.42109375 0.0984375 0.1703125
0 0.6625 0.578125 0.05625 0.0796875
0 0.534375 0.778125 0.1125 0.225
0 0.76328125 0.69375 0.08125 0.1890625
0 0.8828125 0.36328125 0.09375 0.153125
0 0.9765625 0.41171875 0.046875 0.1171875
0 0.9140625 0.6578125 0.0734375 0.171875
0 0.43828125 0.61875 0.034375 0.0734375