0 0.6964970264495335 0.11191118471632944 0.17408848933548207 0.1520612015966055
0 0.4720276474679862 0.08520539916451621 0.2198560156438411 0.16172004448624283
0 0.542119610565696 0.025718947110800167 0.0894867052052021 0.05143789422160033
0 0.34252913424321935 0.028804137832990746 0.14619173151356132 0.05760827566598149
0 0.5685246739175197 0.221564710419492 0.2655171261389501 0.19631522037968577
0 0.5929577135918201 0.43100603600892373 0.19338452090551322 0.16220020555093823
0 0.448865350324701 0.3223061511416826 0.12540879465362362 0.09240235870696818
0 0.33101769766563016 0.29827042635055345 0.14661593671876344 0.1353538626613009
0 0.5726312610880411 0.5658903719784789 0.21468266823232476 0.20671420950527092
0 0.3935576820923762 0.5225263270351255 0.204959057737216 0.17358337452429887
0 0.3710295056851948 0.4275785829666246 0.10500528939195171 0.09001218775644108
0 0.45520302445398214 0.7889060607235032 0.2833108418674959 0.26095072334543534
0 0.4472224664344175 0.658292730685447 0.09517526308359248 0.08181768577927465
0 0.3716610243128079 0.6442249134989723 0.09490224729857691 0.07713018577927463
0 0.2852461112009805 0.6960685977953721 0.1376203683170294 0.11472302768032883
0 0.5489089798709458 0.9464227889746732 0.09867969468185826 0.06169618676785795
0 0.4416880140718128 0.9406595617120864 0.23736276308359247 0.08761138243296429
0 0.298172503477882 0.8755823428524563 0.06421368942018653 0.05873301285158128
0 0.28062025340729474 0.8022549307991778 0.07248121572854575 0.06686384783255335
0 0.216460186930525 0.41439678654039647 0.43292037386105 0.4930814269192071
0 0.20334699495008968 0.21540087102707678 0.11134629465362353 0.0918293557412186
0 0.10725324495008966 0.21931639129303182 0.16867294724210719 0.13937020060802235
0 0.13119622006302914 0.7857425459319366 0.2623924401260583 0.22424921939110262
0 0.273438543011008 0.9389418473010807 0.09252069994353027 0.06300401878308008
0 0.13538355563578383 0.8680602974148112 0.27076711127156766 0.194718228288351
0 0.009363234567920299 0.7987266600761121 0.018726469135840598 0.09942167984777565