0 0.9636953822189696 0.4272266935043712 0.07260923556206081 0.17243201089576327
0 0.8259418939264347 0.37288839079026564 0.11692492134838553 0.23152278763096837
0 0.9024311501729507 0.22060498892900976 0.09010789129415606 0.1859153566887189
0 0.9444317769309712 0.05509600640711163 0.05691359621281222 0.11019201281422326
0 0.6647266170936592 0.20205635676559347 0.07879768657189175 0.12108803218308672
0 0.6903993036655509 0.31593318646700574 0.06314541549465283 0.11530792574646939
0 0.6570969660369459 0.5027119206275639 0.10093630698520073 0.16793018119435105
0 0.5356083062978296 0.5776405008331793 0.08989881303532492 0.14997785668871905
0 0.48530780356735514 0.3951447111085239 0.055578355189802406 0.1569491225281608
0 0.29882592378427225 0.5832559883479321 0.13559310811666875 0.21877141535490913
0 0.28993167105379775 0.39786479156624077 0.07401019262201594 0.10357275025210147
0 0.4189595991396784 0.1423874648408709 0.15629649355709246 0.2847749296817418
0 0.15873569232742832 0.28198805531199567 0.11697037314378345 0.23933528763096845
0 0.06419236943135027 0.6895434652190232 0.10734993344863372 0.19649222376899794
0 0.01999590007475475 0.34718100259789003 0.03713742739850954 0.20876299480421992
0 0.548897604895215 0.3094150247183928 0.04896474082661797 0.0940120799535138