0 0.09375 0.428125 0.0796875 0.1421875
0 0.209375 0.50390625 0.0984375 0.1890625
0 0.1234375 0.61484375 0.0765625 0.1515625
0 0.04921875 0.746875 0.0765625 0.0984375
0 0.31640625 0.67890625 0.065625 0.096875
0 0.3125 0.578125 0.053125 0.09375
0 0.36796875 0.4296875 0.0859375 0.134375
0 0.4796875 0.3921875 0.075 0.121875
0 0.49375 0.55546875 0.046875 0.1296875
0 0.67578125 0.4359375 0.1125 0.178125
0 0.6546875 0.5921875 0.0625 0.0828125
0 0.51015625 0.7796875 0.13125 0.234375
0 0.7453125 0.715625 0.096875 0.1953125
0 0.89296875 0.396875 0.10625 0.1609375
0 0.97734375 0.45390625 0.0453125 0.1203125
0 0.8984375 0.69296875 0.0875 0.178125
0 0.428125 0.61328125 0.0390625 0.075