0 0.05759102840100679 0.43503026985163196 0.11518205680201359 0.1606855397032639
0 0.12539547103031232 0.2210054438635765 0.1453527868534724 0.20639808320625014
0 0.03722267059347202 0.24787510875746532 0.058177482332569516 0.08412173328249999
0 0.08735322321451383 0.07551045269729174 0.1521093202884723 0.09411628875333344
0 0.19672234432107608 0.3805635882402432 0.177621079406528 0.2508754350298612
0 0.36238109907072874 0.5173037880877434 0.14942203780340294 0.1799446859797918
0 0.3370940776035761 0.3275503038553128 0.0839775693385418 0.11907861474138892
0 0.36876426453329847 0.20947310429215307 0.12340374525034736 0.13561280452090294
0 0.4861809685617704 0.571775695382188 0.1919732137152085 0.19655161094166687
0 0.5311155281166664 0.3875650027528824 0.16061411094166686 0.19113675911805572
0 0.46084070212861084 0.31714209355857675 0.08190592306201391 0.09716724715020834
0 0.728931513014687 0.5868058558107645 0.24186541736243078 0.26017900626826407
0 0.6220834073913537 0.5092783082237158 0.07547408510611113 0.08920927678548622
0 0.6433603017680205 0.4347329031134727 0.06762521751493064 0.08746493882958326
0 0.7266098660725692 0.38429845165045207 0.10610714247680572 0.1305252610179167
0 0.8388481076201035 0.7675856899669451 0.09745818787965277 0.09440592306201409
0 0.9179342359448605 0.8624455547083342 0.128854964665139 0.16853440729444458
0 0.9056193399526731 0.6862824450009383 0.1635222118153475 0.24898562670923638
0 0.8733556198722912 0.49402155660819524 0.05606946846486096 0.060647865691319504
0 0.8191597355636107 0.4380430071212854 0.06093880642076392 0.06856946846486114
0 0.5396586459921874 0.1884371717308338 0.4519327080156252 0.3618908958952781
0 0.3589924870822222 0.058382729767118356 0.08012521751493065 0.08775587955902786
0 0.8732686201566316 0.2962562038346535 0.20240287385944455 0.24208231648875014
0 0.9487368263693051 0.5129728847804522 0.08179682028847246 0.09247974715020853
0 0.9282457544653123 0.35225293711715355 0.13169163677722223 0.2904094072944446
0 0.9480718644570485 0.13853592923336885 0.04836737765916688 0.13230466014423614
0 0.9331742162806597 0.10692225332156328 0.07282186379145834 0.10944904160312507