0 0.9601578920273625 0.4701048425366423 0.07968421594527512 0.15723179201145393
0 0.8284100947246792 0.4177621872215506 0.11648061736154425 0.20913973734881744
0 0.8916629780394526 0.2802889118794146 0.08944540268936266 0.16820565467854492
0 0.931260185351681 0.12433835654046035 0.07156701201463563 0.10863066000954502
0 0.6734033267027256 0.2578252079090042 0.07623633068109026 0.10712270401018138
0 0.7011930667170432 0.3629848752387316 0.06211928668045399 0.10227157200827239
0 0.6781748320734966 0.5335882765754587 0.10018290802036275 0.1511454240133631
0 0.5695452667488599 0.5989234699236399 0.0890635946849084 0.135393154678545
0 0.5160191827259518 0.4307734539306395 0.05788632001909004 0.14127952800763593
0 0.35233049474854167 0.5991069252864567 0.13039766669318062 0.19680336935072643
0 0.3370856607256337 0.430511466621593 0.07138519867918128 0.0930056600095451
0 0.44532323269413504 0.19718934193986642 0.15298173870145285 0.2579954080203627
0 0.21235728604390705 0.3210102919716831 0.11499084269572588 0.21537155601527197
0 0.1322912620941775 0.6923045839831372 0.12236699069063528 0.17796246268299926
0 0.036506047421995924 0.6527886453294093 0.04525905068427192 0.1301965773392725
0 0.05599874538508852 0.3806500159930003 0.10381698535963516 0.194931786680454
0 0.5713873880489977 0.3543376759230036 0.047856792011453916 0.08492044000636341