0 0.007293497572755216 0.6353212707459244 0.014586995145510432 0.06063076929603177
0 0.04382738265752385 0.7803485055990773 0.0876547653150477 0.12272895020978147
0 0.10865147902847375 0.7717179441864969 0.05818293836009247 0.06183807178554286
0 0.03807867829856524 0.4725010394172564 0.07615735659713048 0.07803175684847723
0 0.10665620942458431 0.5017965304941867 0.07537043836009247 0.06314046265733601
0 0.1745257975491211 0.3647216603683178 0.1275179901980553 0.14469903859206373
0 0.1996837480202325 0.5118208806993237 0.15857250056564784 0.16257362282516113
0 0.2858372785573623 0.6092860313193793 0.0920302580585183 0.0938935551888033
0 0.37937266507949197 0.6223761819394348 0.09699116013203693 0.09737375269929238
0 0.19100394071564947 0.6731252336037532 0.10197118605101826 0.13655465186945542
0 0.30022382436305706 0.7641860962564448 0.09101456220555537 0.10002515601864026
0 0.3565134891132423 0.8126935286200869 0.08435445909527761 0.09486405933798814
0 0.28156342431578885 0.9153817433520153 0.12240126324231468 0.10395563942190052
0 0.4704003318559275 0.8149286896131047 0.06824144354388864 0.07036096680652086
0 0.4148051512715295 0.8649296122284845 0.05947203628657398 0.05883147095570607
0 0.09757160975467646 0.2774244151422026 0.0844132476909258 0.07779495850815117
0 0.08535315669166695 0.13322505186481098 0.07070206220555537 0.09848596680652096
0 0.18512756423180565 0.03952075082519259 0.07652283524981471 0.0585713618274991
0 0.15976881338333387 0.2672788979207632 0.054178943543888726 0.06929537427505376
0 0.28918963911402784 0.006993515972039595 0.08724572177194431 0.01398703194407919
0 0.3971197163053242 0.035449018771578286 0.10507706220555538 0.07089803754315657
0 0.3460856051365281 0.11579614044758599 0.13870976842611088 0.112952131123531
0 0.5738585820922687 0.05818085952919207 0.0889052580585183 0.09365675684847725
0 0.492559355419352 0.05067081576225816 0.13675628916129606 0.10134163152451632
0 0.7402949349197225 0.12559228785550655 0.3061104648447216 0.2511845757110131
0 0.9188403084823615 0.14224174790218563 0.135252577756944 0.1266594336130419
0 0.42126338798273205 0.2854914885781306 0.35626628972694385 0.31103812407456105
0 0.4783658226196307 0.5287310804848978 0.10704966531583313 0.10589664772027056
0 0.7568899467479175 0.3966476732168578 0.4356407229032403 0.36672128424238626
0 0.7170114917051406 0.7814962698975099 0.15326028397749986 0.13733682448483525