0 0.20390625 0.10390625 0.0609375 0.06875
0 0.16484375 0.1703125 0.0484375 0.0515625
0 0.06640625 0.2984375 0.10625 0.0828125
0 0.10390625 0.3578125 0.053125 0.046875
0 0.31953125 0.1234375 0.065625 0.075
0 0.32578125 0.20625 0.0515625 0.0640625
0 0.4671875 0.1921875 0.125 0.1015625
0 0.35703125 0.2953125 0.1375 0.13125
0 0.3109375 0.42890625 0.078125 0.0765625
0 0.3390625 0.5203125 0.08125 0.0796875
0 0.2203125 0.378125 0.121875 0.0796875
0 0.1890625 0.5265625 0.0859375 0.0734375
0 0.17265625 0.60546875 0.08125 0.06875
0 0.05703125 0.59609375 0.0875 0.10625
0 0.21796875 0.71015625 0.0609375 0.05625
0 0.15390625 0.68671875 0.0484375 0.05
0 0.06484375 0.1484375 0.0875 0.1125
0 0.50703125 0.0734375 0.065625 0.071875
0 0.6203125 0.00546875 0.0875 0.0109375
0 0.7390625 0.0265625 0.046875 0.053125
0 0.54140625 0.12421875 0.059375 0.04375
0 0.83046875 0.084375 0.0515625 0.0796875
0 0.84296875 0.2015625 0.084375 0.0875
0 0.74375 0.2078125 0.090625 0.1203125
0 0.88515625 0.38203125 0.0796875 0.075
0 0.89375 0.2875 0.15625 0.1125
0 0.89765625 0.5640625 0.2046875 0.2625
0 0.953125 0.740625 0.09375 0.115625
0 0.90078125 0.88671875 0.084375 0.0828125
0 0.634375 0.37109375 0.2546875 0.3046875
0 0.45703125 0.5578125 0.0890625 0.0890625
0 0.68984375 0.75 0.296875 0.4046875
0 0.3484375 0.9140625 0.1125 0.13125