0 0.04460757373399306 0.1820151456078533 0.08921514746798612 0.15465529121570665
0 0.09918938694464241 0.34454683864033114 0.19837877388928482 0.2578436772806623
0 0.07686779493597222 0.4916451081851685 0.15373558987194444 0.14579021637033698
0 0.05220208841535214 0.6023434921240922 0.10440417683070428 0.11906847758022465
0 0.0710023297015366 0.8025346818225902 0.10858531570031094 0.10216802000387944
0 0.06991708581980981 0.7422828369733413 0.13983417163961961 0.24725712152108806
0 0.5432986188111396 0.45645536002133635 0.1391828683170294 0.12021638939893542
0 0.6826726609751016 0.5298445468448963 0.11547235253201382 0.11361570303441741
0 0.7091525900131188 0.6277717348764043 0.10380681043863901 0.10022288273097572
0 0.8450038739316372 0.33037018957781167 0.07239021046687384 0.06811201333591957
0 0.9171673002682311 0.35823984018663485 0.05916216837349921 0.054591647274843245
0 0.8863884661520688 0.4554178580644823 0.07753273677523324 0.0763071506088231
0 0.8591819530684763 0.5316934445787815 0.10380681043863901 0.10022288273097572
0 0.7992168769154089 0.6987057303344765 0.149847352532014 0.11642170970237728
0 0.9443921399990014 0.6320598485215847 0.051152247298576724 0.07726387272903601
0 0.9345327506352845 0.7474297570063155 0.056856215728545934 0.06839905575957417
0 0.9314007743833951 0.8146810298851328 0.05747784200867016 0.10577151000193971
0 0.8466478008329286 0.9490562877610407 0.06246917889684269 0.057971738790112325
0 0.7843151298285935 0.9857049533485274 0.06339464206513981 0.028590093302945263
0 0.6621509744680996 0.8821882968448964 0.06503273677523325 0.07528678454774677
0 0.6538841771836401 0.9620604171337905 0.08156778939195171 0.07587916573241885
0 0.568895256179305 0.9902015215259372 0.10658319994353035 0.019596956948125667
0 0.4322675114409769 0.980085339099373 0.08102175782192056 0.03982932180125402
0 0.4057651955994917 0.9444659298657362 0.06862817363517096 0.05691942182065048
0 0.5093066955289045 0.8783463354755291 0.15322995776545092 0.14779925546001174
0 0.624179808584262 0.7793982656311293 0.18400952090551304 0.1689726248550681
0 0.3174909218513811 0.8697532301652984 0.10086382096198285 0.10309279121570683
0 0.3632045112292154 0.7722243969849791 0.2561575366905286 0.17952722970625654
0 0.3054815584430877 0.6042399294066941 0.34267043131591735 0.30321956334561795
0 0.34086240550166824 0.2797979098618568 0.5151501889966635 0.5412292306243405
0 0.0644198587819061 0.9425059775802247 0.0763342578219206 0.08242960485118864
0 0.19795967185138114 0.8599959797062567 0.059253173635171 0.056154147274843066
0 0.1797248823182551 0.7957103390993732 0.1187793630553576 0.11699579454968649
0 0.02588027452456935 0.8899072650029094 0.03214464206513993 0.04461086939505634