0 0.8765625 0.90625 0.0734375 0.0890625
0 0.93984375 0.7640625 0.1171875 0.121875
0 0.86953125 0.62578125 0.1734375 0.2
0 0.9765625 0.678125 0.046875 0.09375
0 0.90390625 0.49375 0.190625 0.10625
0 0.89453125 0.3984375 0.0984375 0.0890625
0 0.971875 0.39921875 0.0453125 0.0671875
0 0.859375 0.22578125 0.0875 0.078125
0 0.89921875 0.27421875 0.1671875 0.2046875
0 0.46484375 0.56171875 0.1109375 0.0890625
0 0.33984375 0.50703125 0.090625 0.0859375
0 0.31171875 0.42421875 0.08125 0.0765625
0 0.20859375 0.69140625 0.05625 0.05
0 0.14453125 0.6734375 0.046875 0.040625
0 0.16640625 0.58671875 0.0609375 0.0578125
0 0.1859375 0.51796875 0.08125 0.0765625
0 0.2296875 0.36875 0.1203125 0.084375
0 0.0703125 0.60390625 0.08125 0.0625
0 0.040625 0.55078125 0.0671875 0.06875
0 0.065625 0.49375 0.0421875 0.0421875
0 0.0953125 0.43671875 0.05625 0.059375
0 0.109375 0.3359375 0.04375 0.0515625
0 0.01484375 0.45546875 0.0296875 0.0328125
0 0.0765625 0.278125 0.10625 0.084375
0 0.17578125 0.1546875 0.05 0.04375
0 0.22578125 0.096875 0.053125 0.0578125
0 0.3390625 0.1984375 0.05 0.059375
0 0.34296875 0.121875 0.0625 0.071875
0 0.4125 0.0609375 0.0921875 0.0796875
0 0.3234375 0.04375 0.0484375 0.04375
0 0.534375 0.0765625 0.0625 0.065625
0 0.559375 0.1265625 0.0546875 0.0421875
0 0.4734375 0.19140625 0.1203125 0.1125
0 0.378125 0.2859375 0.1453125 0.1265625
0 0.640625 0.18515625 0.078125 0.0796875
0 0.60546875 0.2734375 0.209375 0.1265625
0 0.66484375 0.415625 0.2734375 0.225
0 0.65546875 0.734375 0.40625 0.484375
0 0.85703125 0.103125 0.059375 0.0625
0 0.7453125 0.1859375 0.046875 0.04375
0 0.7640625 0.23984375 0.09375 0.0890625
0 0.6875 0.0390625 0.059375 0.0453125
0 0.7671875 0.03046875 0.0375 0.040625
0 0.93515625 0.11015625 0.0265625 0.0515625
0 0.8984375 0.14609375 0.034375 0.0375
0 0.47890625 0.01015625 0.0484375 0.0203125
0 0.090625 0.10234375 0.075 0.06875