0 0.79140625 0.96484375 0.0640625 0.0703125
0 0.88125 0.84296875 0.10625 0.1109375
0 0.8390625 0.69375 0.153125 0.184375
0 0.94296875 0.76796875 0.0546875 0.0890625
0 0.89765625 0.57109375 0.1828125 0.0859375
0 0.90625 0.47578125 0.090625 0.0796875
0 0.98203125 0.490625 0.0359375 0.0625
0 0.9046875 0.29921875 0.0796875 0.06875
0 0.93046875 0.35390625 0.1390625 0.1890625
0 0.45390625 0.55390625 0.103125 0.078125
0 0.34140625 0.4765625 0.0828125 0.078125
0 0.3296875 0.3890625 0.0734375 0.06875
0 0.17734375 0.6328125 0.0515625 0.0453125
0 0.11796875 0.60234375 0.04375 0.0359375
0 0.15625 0.521875 0.0546875 0.0515625
0 0.18828125 0.4578125 0.0734375 0.06875
0 0.26015625 0.31953125 0.1140625 0.071875
0 0.05859375 0.51953125 0.0765625 0.053125
0 0.0390625 0.46171875 0.059375 0.0625
0 0.075 0.4109375 0.0390625 0.0375
0 0.11484375 0.3609375 0.0515625 0.0546875
0 0.14765625 0.2640625 0.0390625 0.0484375
0 0.02734375 0.36328125 0.0375 0.028125
0 0.1265625 0.2015625 0.0984375 0.0734375
0 0.24765625 0.0984375 0.0453125 0.0375
0 0.3078125 0.0515625 0.0484375 0.053125
0 0.4 0.1734375 0.04375 0.0546875
0 0.41796875 0.0984375 0.05625 0.065625
0 0.49765625 0.05234375 0.084375 0.0703125
0 0.4125 0.01875 0.04375 0.0375
0 0.6140625 0.09140625 0.05625 0.0609375
0 0.6296875 0.1453125 0.0515625 0.0359375
0 0.5328125 0.1921875 0.1109375 0.1
0 0.42109375 0.26640625 0.134375 0.1125
0 0.6984375 0.21796875 0.0703125 0.071875
0 0.646875 0.29765625 0.2 0.1046875
0 0.67734375 0.4484375 0.253125 0.196875
0 0.6078125 0.76015625 0.3578125 0.446875
0 0.9265625 0.17890625 0.053125 0.0578125
0 0.80078125 0.23828125 0.0421875 0.0390625
0 0.80859375 0.2953125 0.084375 0.0796875
0 0.771875 0.08359375 0.05625 0.0390625
0 0.85234375 0.08984375 0.034375 0.0375
0 0.9953125 0.2 0.009375 0.05
0 0.95859375 0.228125 0.0296875 0.034375
0 0.7359375 0.02265625 0.075 0.0296875
0 0.57421875 0.0140625 0.046875 0.01875
0 0.17421875 0.03125 0.06875 0.0609375