0 0.15376985618451583 0.05230156606458356 0.075666271539425 0.07901786660488852
0 0.10432187721973774 0.12416913158101295 0.05873014381548418 0.05972222958157998
0 0.022847820104593984 0.26288938039988663 0.04569564020918797 0.09409722958157989
0 0.02414002740389627 0.3282961255905632 0.04828005480779254 0.05363592068857255
0 0.2769670555640972 0.0737177198781151 0.08090007475773361 0.0869940577118811
0 0.2745908185535474 0.16342506062228795 0.06429172896477811 0.07238592068857255
0 0.4291526324155178 0.14867553594269867 0.14703852698730663 0.11891866950744619
0 0.2981761480028581 0.26079856842683624 0.16495800050420312 0.1522768065307547
0 0.2335459294296402 0.4048957980084162 0.09350933540139543 0.08899306733052796
0 0.2530611179134583 0.5047494650687916 0.09696211733238061 0.0937896947351895
0 0.1407135732451244 0.3504662475529293 0.14238387797604238 0.09693454210278443
0 0.09050648759162744 0.5112053401112007 0.10266581411407197 0.08619544954451293
0 0.06351266283389376 0.5963169500926673 0.09765053218308675 0.08134425843752044
0 0.1006852448810945 0.7111408527250724 0.0715579257464694 0.06484623920022692
0 0.03395656678883659 0.68463540562763 0.05851162252816072 0.05659722958157989
0 0.025923361632397446 0.10119791225105201 0.05184672326479489 0.12496528366526398
0 0.48482311423028757 0.030424076864356765 0.08035377153942491 0.06084815372871353
0 0.5169364917021267 0.07468990971916331 0.0690120799535137 0.05072917549789595
0 0.8340200848971924 0.03861601702189106 0.06560285668871906 0.07723203404378212
0 0.834490342438761 0.1586804414855107 0.10219592055068923 0.10176588584218224
0 0.7265139514732682 0.16478908694633976 0.11252141535490914 0.13797620435383653
0 0.8590047513373824 0.3542186307784047 0.09652507475773361 0.08753969473518967
0 0.879387943175395 0.2521923393085925 0.18239687278026223 0.134181570958725
0 0.8475816602360038 0.5510117852249085 0.2438692403647444 0.2999901094333124
0 0.8886662101001177 0.7436333056433285 0.10750613342392405 0.13312501324684387
0 0.8190917654121133 0.9027106944807356 0.10030563861970414 0.09702382213985139
0 0.5893860200268157 0.34259168313280824 0.3113188203182581 0.3506647212288775
0 0.37650968956909886 0.5448610551799924 0.10699268119435104 0.10349207694917481
0 0.6066895904219486 0.7527008039140479 0.368857804730918 0.460223259703465
0 0.21998227605577508 0.9220733743246189 0.13541261213660052 0.1309821598887993