0 0.07913701704467702 0.8349568026734542 0.03910219473518963 0.09104317067154497
0 0.2066568710356938 0.930933468690317 0.1405754146981227 0.1343942760184536
0 0.3900125188587755 0.8783346326782266 0.38669150126594437 0.24333073464354663
0 0.6122421829239262 0.8942634560789054 0.08345239546082901 0.10873974801081765
0 0.6136261228497923 0.9761967910367483 0.07836310217691818 0.0476064179265034
0 0.754030378840242 0.9068463667647683 0.24695438947037934 0.18404992536599848
0 0.8221975362819707 0.8685929361075406 0.07536707694917481 0.10083634134309065
0 0.9045760158635506 0.9242167747851309 0.045877984390903494 0.06144657733927232
0 0.9518850362819707 0.8701019867918124 0.07336806733052796 0.08831816000954476
0 0.9432354283038616 0.9457741487905398 0.11352914339227667 0.051345418682362975
0 0.8024802586071565 0.7512236227720861 0.08921132213985139 0.09474997334499946
0 0.8543874989885097 0.7393326974458585 0.05294643992586643 0.08495680267345414
0 0.9977951815731636 0.6778877621339484 0.004409636853672794 0.06437158267027243
0 0.9715017662844778 0.5049587921307668 0.05699646743104445 0.09146134134309047
0 0.934784294001701 0.5145786927911761 0.07912699400955034 0.07432838534372674
0 0.9303448198624167 0.5887156267902216 0.036230165879248946 0.05352498933799978
0 0.842475253713015 0.42057360677908573 0.14758930653075453 0.1563420013526354
0 0.46904273211346864 0.5505487240610881 0.9182242765785059 0.5323474481221762
0 0.4985193786706061 0.2541373480664969 0.12089783175849825 0.10761360001590833
0 0.5827480457309815 0.2285657307447237 0.09767858656782166 0.11359088001272663
0 0.6475793828469574 0.13951286875395053 0.10167660580511537 0.13862724267981757
0 0.737705875042409 0.17101795476604087 0.050238102176918174 0.05212612133990877
0 0.7368477578893663 0.3029855700986318 0.16770339908902604 0.19562267735518085
0 0.8350843612474108 0.27601508477876757 0.05100199400955034 0.07400112133990877
0 0.9422520205032381 0.28116675612663056 0.07465774881887341 0.08052384134309047
0 0.9776810724563374 0.36829458613140303 0.04463785508732521 0.09429544000636332
0 0.9480158924656041 0.15550368479467594 0.044588302902557685 0.069240896005727
0 0.8967510036281972 0.09633722278799442 0.05012897477225664 0.04900112133990879
0 0.9271627007256396 0.02796903079244876 0.03870040145127902 0.03481135200509067
0 0.7802157788559405 0.046563394772404225 0.11668155771188111 0.07632723734881747
0 0.6894990096186469 0.02051796809354115 0.0633730192372937 0.02572725334181779
0 0.5891989092558271 0.010760612746632685 0.050272818511654195 0.008394302673454233
0 0.4745486214142119 0.08205326273072433 0.10058533175849824 0.10737724267981759
0 0.4189881021769183 0.05641691605663376 0.0877579495445131 0.09785679201145403
0 0.30413442849312083 0.032433428707816285 0.05706845553496285 0.02409202800763601
0 0.28366072658635505 0.09466979937140733 0.07180556733052797 0.08829997867599956
0 0.3467534928284238 0.1570976213796797 0.08354167549789597 0.06657042934436315
0 0.056294673135643236 0.22556362133990876 0.10167660580511531 0.13862724267981755