0 0.05716921836533841 0.14852711255718745 0.10187551779449713 0.08666615824437507
0 0.2054422336883776 0.07248867657739565 0.14103085969555132 0.12816398043270844
0 0.35380413783299075 0.12835420402847192 0.23145954152049325 0.20207556553881964
0 0.2962874095818206 0.02666572388010392 0.1034725098858317 0.049238893426736194
0 0.4928639792397533 0.0933824048259026 0.1330220415204934 0.1867648096518052
0 0.5938362302283365 0.079839396373437 0.10445668973360736 0.11170252583555565
0 0.5898291625475701 0.013094186361041435 0.07659167490485981 0.02618837272208287
0 0.7772243917873235 0.09976677061413128 0.0930735207602467 0.10051045269729175
0 0.7229971482131141 0.08037195212861085 0.23525570357377176 0.1607439042572217
0 0.43427029886050506 0.5479562295796871 0.10659219269935694 0.1258013934267362
0 0.49626893867066213 0.6737361731589232 0.10107702174882985 0.10537979065319458
0 0.5843446002296491 0.6958819704616314 0.09119268577927464 0.09266158510611114
0 0.3049369900398061 0.829608232713819 0.060359179847775654 0.0638456008736803
0 0.32644989270154456 0.8954507850505206 0.04903967787060939 0.054216027735416714
0 0.41672206562923797 0.8636903323532288 0.06842634783255316 0.07027743882958362
0 0.48883448756834824 0.8370356069545135 0.09119268577927464 0.09266158510611114
0 0.6458458329294435 0.7764039654276382 0.10391286167271759 0.13666615824437506
0 0.4020282128537689 0.9561324054914927 0.0730501808363588 0.0688240416031249
0 0.45914037589563056 0.971974304617812 0.07477450692008211 0.03452177678548622
0 0.5181479613708941 0.9604542699485412 0.04884867688202608 0.049528527735416716
0 0.5773929687852679 0.9239524190748606 0.06979784684397003 0.06562630642076392
0 0.6837530567319894 0.899622606670173 0.059849843878220454 0.051345600873680654
0 0.7454572192795595 0.9176991530229508 0.09925985376405215 0.0990934230620141
0 0.8730649075302921 0.8124823633196868 0.052292011862998325 0.05741376291777769
0 0.9324518363894846 0.7533424462415964 0.06654551285158128 0.06242857123840277
0 0.8221602766173837 0.6442967141933673 0.06798067885919253 0.05933993882958326
0 0.9022297785945501 0.633066967043159 0.08255251482874755 0.07216724715020853
0 0.9483182114080752 0.5555043582856936 0.06032468775644091 0.1013092332825
0 0.9664050251345089 0.6479639620091658 0.01460101087441501 0.0518534407294446
0 0.9449451550960152 0.42757938003718665 0.07630251482874754 0.07202177678548623
0 0.8912126600389311 0.40541474572850617 0.05092051285158128 0.0620648953265972
0 0.8248289732710733 0.5021819493757285 0.13366402866891214 0.13891964247680572
0 0.7282484505336603 0.6121401372553813 0.15193386760421673 0.1658821859797918
0 0.8265545938410395 0.3257467359448604 0.09425401878308044 0.09117182028847229
0 0.7349281679475965 0.3715878724377425 0.15942271543677008 0.23474128875333342
0 0.5823735123201086 0.32284451396461755 0.2702275642579064 0.31068815254479193
0 0.2627918186693496 0.3641300094993053 0.5255836373386992 0.47486498100138935
0 0.907166559772101 0.09049826054614507 0.0730501808363588 0.06882404160312508
0 0.8224493670727441 0.21579050769635347 0.05216467787060921 0.054288762917777865
0 0.765273537034688 0.20151110857003407 0.10432935574121842 0.10857752583555565
0 0.9648796061983292 0.263989005512152 0.026047846843970036 0.06460801386770836
0 0.8964465770723067 0.012536967754010054 0.05752333992388756 0.025073935508020107
0 0.8603844016731553 0.05100065587274233 0.045341674904859984 0.04008079255305559
0 0.9274075562376979 0.8962930124460062 0.07375051779449712 0.0860115416031249