0 0.40703125 0.02049267130809207 0.0703125 0.04098534261618414
0 0.3375 0.04763533195418392 0.05625 0.060029528007636015
0 0.18203125 0.12053812464195568 0.1203125 0.09671246268299924
0 0.1875 0.19625573997454662 0.0609375 0.05383407200827235
0 0.50625 0.07848424793127588 0.075 0.08524770401018134
0 0.47109375 0.1601433279360484 0.059375 0.0741283906747269
0 0.61171875 0.21553825791695838 0.1421875 0.11884200135263549
0 0.45546875 0.26032514127150286 0.15625 0.15181813335454447
0 0.34609375 0.363160334619684 0.090625 0.08855451734563582
0 0.32734375 0.4633785106222293 0.09375 0.09171588001272682
0 0.2859375 0.2708915659611836 0.1359375 0.09533177601845369
0 0.1828125 0.39709153397518293 0.0984375 0.087082924013363
0 0.12890625 0.4625625399825008 0.0921875 0.08076019867918127
0 0.03828125 0.39721080732813663 0.071875 0.11489884134309047
0 0.11953125 0.5829841279837734 0.06875 0.06486247867599956
0 0.0703125 0.530431839990455 0.05625 0.058467028007635945
0 0.253125 0.019902872652773365 0.096875 0.03980574530554673
0 0.7078125 0.12379510590391352 0.0734375 0.08210452267663589
0 0.859375 0.09312526655000537 0.0984375 0.06677042401336304
0 0.95234375 0.18657472720405138 0.0546875 0.07563634667409058
0 0.71484375 0.187775789902959 0.06875 0.052362478675999566
0 0.9875 0.29163439719927886 0.025 0.08779090133672707
0 0.95546875 0.40919461453696054 0.0890625 0.10103633601209036
0 0.86328125 0.36573606321614177 0.1078125 0.1371920120146357
0 0.90859375 0.5995838045433238 0.0890625 0.08697383601209037
0 0.9375 0.5094036998727332 0.125 0.1264545066836355
0 0.83828125 0.7816519645528689 0.25625 0.298294238701453
0 0.8 0.9500661572247322 0.121875 0.08266814401654479
0 0.67890625 0.4663189605745043 0.296875 0.3472044533736344
0 0.41953125 0.556055811943048 0.1015625 0.10274428668045381
0 0.54609375 0.807708123925867 0.3390625 0.3758203493793616
0 0.13984375 0.8397790206476827 0.13125 0.14996473201781732