0 0.9647645610007618 0.8450474391888975 0.07047087799847632 0.052676559337988496
0 0.9842952713695834 0.7112043128392512 0.03140945726083331 0.14895956348717299
0 0.9234219691310198 0.5552512333800385 0.15315606173796042 0.2495534045687478
0 0.9383575723649515 0.4109800925082453 0.12328485527009683 0.13288612282516113
0 0.9579618648232348 0.2986810020513705 0.08407627035353045 0.11011055103961845
0 0.9207263370642729 0.1027890842098755 0.0922494549975255 0.09725535352912935
0 0.9333358796918979 0.1637974391888974 0.1259361374938141 0.23520563942190073
0 0.4957251735627185 0.5091298981212559 0.13681832654882306 0.11619553029369403
0 0.35170185662483383 0.4549420734359281 0.11321705223856356 0.11129454274124875
0 0.31623799016191895 0.36193835725410695 0.10170634215265535 0.09952824855010753
0 0.20942690467952593 0.6735764421119044 0.07038109905006032 0.06602866431700996
0 0.13640548450770942 0.6571478039394034 0.05878850180902231 0.05269987012586874
0 0.15863128731209994 0.5574195684615505 0.0754780348257091 0.07419636182749904
0 0.17719317955561237 0.47757778049418664 0.10170634215265535 0.09952824855010753
0 0.22147436680159913 0.3048022087086439 0.14759205223856364 0.11389932448483524
0 0.06479607813070283 0.5778639682564135 0.0676655348257091 0.07360436597668389
0 0.039686535503077616 0.5178028066386957 0.028930583446228085 0.07689438672260848
0 0.04516857360814705 0.45777661120279917 0.044807888964152054 0.05319677759440165
0 0.07075839382539209 0.39230497655478325 0.07251680913596859 0.07708456348717307
0 0.08270843792335533 0.27609963609790844 0.05796298620519007 0.06664397095570589
0 0.058175427407905766 0.21207302489510926 0.09915455223856362 0.11022895020978148
0 0.15084652702379295 0.06465172800467575 0.06043288896415202 0.05438076929603188
0 0.3388278838757694 0.1045276763403574 0.06305992198083885 0.07481166846619489
0 0.3401203889641521 0.030791579871808944 0.07704053482570909 0.06158315974361789
0 0.5855966632744115 0.01822424605130778 0.06824538896415219 0.03644849210261556
0 0.49088502883281526 0.08751500724946257 0.15071040818602893 0.14370522365499822
0 0.3854749118040735 0.20139009833103727 0.18146244120271565 0.16626730788809568
0 0.6805650045225559 0.07000450807465516 0.09710072930778502 0.10073555103961843
0 0.643577338873295 0.1724200356690568 0.25193871551297525 0.17472027054543174
0 0.7161561030067892 0.33006566969237283 0.3360414778374469 0.29470272905358297
0 0.7148038014455941 0.6784206593194106 0.512707955674894 0.5773287427505374
0 0.9088327674128547 0.0008680348438642183 0.048915534825709275 0.0017360696877284365
0 0.7994378352552504 0.06334992114226534 0.05747166327441171 0.05726897095570584
0 0.8222036278828757 0.12358868151522753 0.11650582654882306 0.11465634108157471