0 0.340625 0.03125 0.05625 0.0625
0 0.2828125 0.0828125 0.0453125 0.0484375
0 0.15 0.17421875 0.1015625 0.0734375
0 0.1671875 0.24296875 0.05 0.0421875
0 0.44453125 0.0859375 0.059375 0.0703125
0 0.425 0.1671875 0.0453125 0.0609375
0 0.5640625 0.196875 0.11875 0.0921875
0 0.4265625 0.26171875 0.128125 0.1203125
0 0.3421875 0.37421875 0.0734375 0.0703125
0 0.340625 0.46953125 0.0765625 0.0734375
0 0.27109375 0.29765625 0.1171875 0.06875
0 0.19609375 0.4296875 0.08125 0.0671875
0 0.15625 0.49921875 0.0765625 0.0625
0 0.04921875 0.45390625 0.078125 0.1
0 0.1671875 0.6125 0.05625 0.0515625
0 0.11328125 0.57109375 0.0453125 0.046875
0 0.1953125 0.0421875 0.078125 0.084375
0 0.63828125 0.096875 0.059375 0.0671875
0 0.77421875 0.0453125 0.084375 0.046875
0 0.87578125 0.11796875 0.040625 0.065625
0 0.65546875 0.15546875 0.0578125 0.0375
0 0.9421875 0.20703125 0.04375 0.0765625
0 0.91875 0.32265625 0.078125 0.08125
0 0.821875 0.29765625 0.08125 0.1140625
0 0.903125 0.50703125 0.0734375 0.06875
0 0.93203125 0.41875 0.1359375 0.1
0 0.8671875 0.68671875 0.2015625 0.246875
0 0.86328125 0.871875 0.096875 0.1078125
0 0.7609375 0.97578125 0.078125 0.0484375
0 0.66796875 0.41875 0.23125 0.2875
0 0.44140625 0.54140625 0.0828125 0.0828125
0 0.603125 0.79609375 0.2625 0.3875
0 0.228125 0.846875 0.103125 0.1234375