0 0.03167628855318875 0.29095596410722857 0.054788685875970744 0.09933807178554285
0 0.12249042897611188 0.16047371348252865 0.13195120373287822 0.139514631123531
0 0.29550518912238166 0.13912660466667187 0.36743651055001153 0.27825320933334374
0 0.49618129910649567 0.05705791264340292 0.07992505357072233 0.10904495850815121
0 0.46914546631477994 0.0062579649324211815 0.07266593262955982 0.012515929864842363
0 0.6183602621748646 0.048184433188834655 0.2335955243497292 0.09636886637766931
0 0.6909346915580136 0.03027349885084648 0.0719761858759707 0.06054699770169296
0 0.8068500178569075 0.005130404969733077 0.06995003571381489 0.010260809939466153
0 0.7115802025150623 0.11739972633106863 0.08592959172016937 0.09545605518880329
0 0.7607444054371616 0.11054515247093337 0.05136367694751698 0.0819137734452168
0 0.9134506197233467 0.03298808422148648 0.06054776217486477 0.06597616844297297
0 0.9320154334403388 0.10773669333808225 0.05418866801906326 0.06496307178554281
0 0.9489552917995997 0.271514850806615 0.07340231818121908 0.09294636182749905
0 0.9044649521080252 0.2772329771562612 0.07628185633066593 0.07912066016782511
0 0.876784237011061 0.21518326304903262 0.0352477532464107 0.052604781743586494
0 0.8524269395261234 0.38834899852688554 0.1416807597392328 0.16053752614450909
0 0.455361024753471 0.4074848877482936 0.9046673238599666 0.6037802245034127
0 0.598760017446575 0.6453848616037845 0.11586255357072232 0.11176813942190086
0 0.6831486542160503 0.6397725564149812 0.09250687418757338 0.11467965186945542
0 0.7685873222351136 0.6943165012261779 0.09760347727182861 0.13847234937994451
0 0.8387946822192276 0.6381480889837603 0.047747753246410694 0.05355197510489074
0 0.7961514403369023 0.5256014674079988 0.16105805113509053 0.19789581618646537
0 0.8922042800284767 0.5159761684429729 0.049692082791715816 0.07554537427505377
0 0.9747853603878557 0.47647411532876216 0.050429279224288595 0.0794991684661948
0 0.9841234042193456 0.38898577072270246 0.031753191561308826 0.09202247925407558
0 0.9904979094943513 0.6511897727972948 0.019004181011297305 0.05080548340326043
0 0.92969419195846 0.7814585358695495 0.1250114569792892 0.18892263527271586
0 0.8502521538090132 0.8015593935478638 0.06359094155801373 0.06723596680652086
0 0.7634476290522468 0.8480334970769932 0.054161394480112965 0.06340057178554304
0 0.6319970316500345 0.8016698277856055 0.09555005357072233 0.11022895020978148
0 0.5920675068932683 0.8445919562098443 0.08453073295387145 0.10471265601864026
0 0.5786419809186859 0.9269667483263928 0.07450116801906326 0.06650226099766207
0 0.6458976647660618 0.9257818340093829 0.06622501785690744 0.03934776514684692
0 0.6970919719902323 0.9007809113940031 0.04623980032431163 0.056558575934727885
0 0.4970101513733812 0.9112485051748702 0.05706820616851012 0.051137370125869094
0 0.4584601201237931 0.8539338352587826 0.06863299756436803 0.08790366431701031
0 0.3599601647660618 0.9474488821492162 0.08686480032431154 0.05963695435896632
0 0.49471917410155264 0.7799985051748701 0.07921594155801355 0.06841995850815116
0 0.19585498010790706 0.8229844462610891 0.13672052434972923 0.1445573286340199