0 0.9724590309183938 0.5449487179930894 0.055081938163212385 0.23957295269729179
0 0.982371732265718 0.38995209346805476 0.03525653546856411 0.1279808360560417
0 0.972899337344986 0.07200152726364503 0.05420132531002793 0.09495013050895837
0 0.9719167164941709 0.13057709346805474 0.05616656701165823 0.2434603656913195
0 0.5738252344521676 0.487525916225069 0.14098204274124876 0.11090374525034737
0 0.4207701668158098 0.43004333738722184 0.11562684523075965 0.10563436379145834
0 0.37815476909553924 0.33242410818878443 0.10542305103961844 0.09447865824437507
0 0.2858427502237146 0.653102243731736 0.07336756763635792 0.06253767401194459
0 0.2085815105966768 0.6353348219039929 0.0616012734452168 0.051345600873680654
0 0.22498591536591722 0.5316461242406942 0.07876546265733601 0.07202177678548623
0 0.24070415851743995 0.4498869779641665 0.10542305103961844 0.09447865824437507
0 0.27570335270393675 0.2714158326375692 0.15156434523075957 0.1064708183886113
0 0.11342145333328106 0.5569390246012846 0.10412066016782515 0.07729115824437507
0 0.07419208735659709 0.4936766116072569 0.07971265601864028 0.08452177678548622
0 0.09572262262466857 0.4266521125571875 0.055469672615379786 0.05276263050895835
0 0.12494725872257702 0.3578832755512152 0.07263386182749913 0.07343880642076392
0 0.1300114217901872 0.23880596723059017 0.057860966806520954 0.06373649810013893
0 0.038441996275022386 0.38337554445291666 0.021709979254075605 0.03949891109416672
0 0.08507650747317717 0.1725458408056944 0.13425844606059656 0.10450827488562506
0 0.18734663464801593 0.024762304236562435 0.06460787427505377 0.04952460847312487
0 0.3853114605827436 0.06538142534312467 0.06638386182749914 0.07329333605604171
0 0.3838780925314672 0.009253539276753328 0.0753318867226084 0.018507078553506657
0 0.5424135655617655 0.059424978914097024 0.153577131123531 0.11884995782819405
0 0.44150410622842173 0.16659778001652742 0.1866031186759763 0.15719817021222235
0 0.7399038722004614 0.04198094614468721 0.10097234937994451 0.08396189228937442
0 0.7079928666013839 0.1408294881290619 0.2617215178461395 0.16050631458888912
0 0.7932586282237459 0.305544645139166 0.3471639556083662 0.2794758265567364
0 0.7748852912913561 0.6815441006862494 0.4502294174172878 0.5908887180836115
0 0.8632229730302982 0.03077907485069372 0.061838071785543035 0.05447060087368061
0 0.8906743894219009 0.09353299477857566 0.12066954274124839 0.1104309665650001