0 0.80234375 0.95390625 0.0765625 0.0890625
0 0.896875 0.82265625 0.1046875 0.10625
0 0.89140625 0.65859375 0.2171875 0.3078125
0 0.9046875 0.4640625 0.0875 0.059375
0 0.9796875 0.475 0.040625 0.0625
0 0.93125 0.34296875 0.1375 0.1953125
0 0.90234375 0.278125 0.08125 0.053125
0 0.95859375 0.2140625 0.0484375 0.0328125
0 0.91640625 0.165625 0.0703125 0.053125
0 0.9828125 0.1828125 0.034375 0.0984375
0 0.79921875 0.27890625 0.0734375 0.0671875
0 0.79375 0.2328125 0.06875 0.0359375
0 0.83359375 0.07734375 0.05625 0.0515625
0 0.75703125 0.07421875 0.0515625 0.0453125
0 0.72890625 0.0203125 0.0859375 0.040625
0 0.603125 0.090625 0.0734375 0.0546875
0 0.60703125 0.13203125 0.0578125 0.0609375
0 0.67109375 0.14609375 0.04375 0.025
0 0.5171875 0.19921875 0.1234375 0.1109375
0 0.59296875 0.571875 0.3671875 0.8046875
0 0.33984375 0.47578125 0.08125 0.09375
0 0.32578125 0.3984375 0.090625 0.0703125
0 0.25546875 0.33046875 0.1125 0.0703125
0 0.290625 0.25625 0.040625 0.0390625
0 0.4046875 0.275 0.15625 0.1234375
0 0.39140625 0.1859375 0.0609375 0.0359375
0 0.40625 0.09296875 0.0625 0.05625
0 0.48515625 0.05078125 0.0796875 0.075
0 0.5734375 0.01328125 0.078125 0.0265625
0 0.39765625 0.02265625 0.0640625 0.0453125
0 0.2984375 0.05625 0.0578125 0.0609375
0 0.24140625 0.1078125 0.0390625 0.0390625
0 0.1625 0.0453125 0.0765625 0.0703125
0 0.12421875 0.19921875 0.1828125 0.0890625
0 0.13828125 0.275 0.0515625 0.05
0 0.115625 0.3625 0.0484375 0.0421875
0 0.1890625 0.4734375 0.084375 0.075
0 0.159375 0.51796875 0.08125 0.0640625
0 0.06953125 0.5453125 0.08125 0.0609375
0 0.04453125 0.48359375 0.0765625 0.0578125
0 0.07578125 0.4328125 0.059375 0.0359375
0 0.02421875 0.384375 0.04375 0.0203125
0 0.11953125 0.615625 0.0359375 0.046875
0 0.18125 0.640625 0.0703125 0.0515625
0 0.0953125 0.75078125 0.0890625 0.0671875
0 0.24140625 0.59453125 0.0484375 0.065625
0 0.2703125 0.87421875 0.1078125 0.109375
0 0.02109375 0.06484375 0.0421875 0.075