0 0.058919919318909754 0.11080836805127643 0.07754429201145403 0.09017655933798818
0 0.023318773989500483 0.18777268713752687 0.046637547979000965 0.06617037427505372
0 0.1954568559834553 0.13679329544054103 0.08230451734563582 0.09678175684847727
0 0.20683870397041043 0.2338342388018452 0.06340906667727228 0.08286096680652096
0 0.3711921053071376 0.22126615166896274 0.15459768801718105 0.13816561867597638
0 0.2478353266231838 0.33937476639624686 0.17062267735518083 0.1737246103776066
0 0.19988708060154844 0.4952569908764376 0.09642156134627214 0.1025348493799445
0 0.23695018125400366 0.6028452705454317 0.10114542401336299 0.10601504689043359
0 0.09113933660886629 0.43306279896502603 0.14961928668045393 0.11281042116548719
0 0.061750186585003766 0.6067720634871729 0.1073045173456358 0.09867614357108571
0 0.04816686228916112 0.6979531705407874 0.09633372457832225 0.09327824855010754
0 0.10380877522282325 0.8226464398368192 0.07579997867599957 0.07443316016782511
0 0.03143433589277766 0.7929221284242386 0.05541475334181779 0.0666439709557057
0 0.4126812659930003 0.08287908050811985 0.08226815467854483 0.09365675684847725
0 0.6827306839990455 0.05877168736124148 0.056413632001908985 0.018324870125868854
0 0.4557676473185916 0.14322550727268452 0.07251134667409058 0.060133861827499135
0 0.7916511506604094 0.10612212927265316 0.06669769867918127 0.09716026514684702
0 0.8119625559755012 0.24215471765493551 0.10594201201463563 0.1157452444009226
0 0.6961739239735921 0.2474556790628717 0.1157533640197265 0.1539556394219007
0 0.8696825072804115 0.4560880857062119 0.09952838001272682 0.10120914772027056
0 0.8756699726289108 0.34472453321670093 0.19071700135263542 0.1565137995897259
0 0.8797189365850038 0.6687540290675161 0.2302714920432706 0.3359178796736385
0 0.9492303632240958 0.8773253908950153 0.08444882001909022 0.14690015601864062
0 0.9099849552037332 0.9970070690978614 0.10374316534054522 0.005985861804277093
0 0.5759052352800934 0.43617279171556333 0.3215146573838158 0.3959100315430938
0 0.37713882924891295 0.6510011958601039 0.11064769334818117 0.1176629419114116
0 0.6556258138924596 0.8103913724125651 0.37358623472308833 0.3792172551748699
0 0.26434519119991523 0.9907452444009227 0.13321248933799978 0.018509511198154627