0 0.5265371145539647 0.7030828972465535 0.28071496071058577 0.17537061264080372
0 0.24984402791236554 0.669133140209188 0.4535489549196175 0.40860871958162404
0 0.1721620219165095 0.49899523885213515 0.309101133993784 0.28325952229572965
0 0.16899201840185282 0.3636204675648117 0.3026285020669146 0.2111660010084062
0 0.28879509615211185 0.3442698980028581 0.22642556699689198 0.14665575075630458
0 0.26353823097446544 0.30684630765778415 0.22061221463952715 0.1555937081816577
0 0.6786025746453779 0.6023130828803799 0.23772694003242129 0.15523307526193691
0 0.46538548304138 0.48397761816555984 0.435226986351149 0.2827346344323301
0 0.6962566474332382 0.5101584338691156 0.1253681811410811 0.08352233020561535
0 0.5986667098820162 0.4174406921669889 0.15749147642635145 0.10445754307885
0 0.4429367865988179 0.3217343442803463 0.09978598428423435 0.0692741599070276
0 0.31680447208312523 0.23885042448596167 0.2091267510334573 0.10962564431968724