0 0.29213763956811334 0.5810867387839357 0.18832814485894733 0.2926153098964811
0 0.2234524439505617 0.2794456178131948 0.43312968820068587 0.5358744602265733
0 0.3624515578856061 0.16974728053712984 0.30538784122540497 0.3394945610742597
0 0.4940045757634535 0.13964082403375036 0.22863415152690703 0.2792816480675007
0 0.5538255991013127 0.23008414750185285 0.15561149758410409 0.23390469123481453
0 0.5806433195545357 0.192330577803427 0.16616636031120038 0.23017409849212936
0 0.4348987086636072 0.6913421506593989 0.1644443636451804 0.24708819641861074
0 0.47860168486670596 0.445962008670649 0.30226258334949724 0.45306337728583285
0 0.5280109798754344 0.6753275884538434 0.08820111485312836 0.13027255183796277
0 0.5839425022952097 0.5508361449099548 0.11106453000581898 0.16329966531583312
0 0.6240897859248727 0.3679266086233807 0.07378792848861018 0.10574144354388873
0 0.6624193491013127 0.22058342544708456 0.11839854000775851 0.21513556738935166