0 0.7190067280394528 0.24894459015429313 0.2997647373488174 0.1314445049793232
0 0.3909988120225899 0.16166627111727455 0.5100862613780889 0.3233325422345491
0 0.22299479404040726 0.2848700107351052 0.36831583736472584 0.2525452312312127
0 0.16997997672658813 0.43180519489361996 0.3313965453532718 0.16607711021276012
0 0.2881674500715876 0.5109173002682312 0.23864542401336308 0.11227029977412109
0 0.243136760741542 0.5377752028567148 0.22788973734881743 0.1272582629424182
0 0.8218697407304061 0.4219810007764589 0.24969201201463562 0.12228233660582397
0 0.5415100787316789 0.44769144524655574 0.4584863040260897 0.21876103640817987
0 0.7910111867440873 0.5246278586407318 0.13034202800763595 0.06380343671876343
0 0.6438549234165871 0.5761966058687216 0.16333634134309047 0.08133954721387227
0 0.43309923675204154 0.6041073161944212 0.10214430267345431 0.05591534200867017
0 0.2622054814210414 0.6312598923474886 0.2287977093411815 0.07109926820408993