0 0.3203586065134919 0.7605495828165385 0.26494729282674856 0.0963090052417872
0 0.6167312259395595 0.8540933358988575 0.4477155062041863 0.2853481261535634
0 0.7620651412944687 0.7284296067183483 0.32183071337743774 0.1979506508305658
0 0.8111414156838853 0.598951660234406 0.3043047237689979 0.12527461443337096
0 0.6960352217521856 0.5280104996862329 0.21105746832111638 0.08196710055371029
0 0.734611402694435 0.503801044102992 0.20121257475773363 0.09689119370616517
0 0.22359785701769502 0.6068157086655599 0.22243201089576328 0.08891800740125558
0 0.47231386246557666 0.585086112735328 0.40492743664223274 0.16283277606127822
0 0.2472317349937374 0.5157296337117024 0.1154500373788668 0.04939682757475108
0 0.37678247720006725 0.4698838124584729 0.14590236188449895 0.06223678901808825
0 0.5628892220042871 0.4457115345422681 0.09012225544788173 0.04310725478036197
0 0.7136758258430145 0.42163009175895355 0.2024037341605581 0.047191582355113226