0 0.43984375 0.87578125 0.4984375 0.2484375
0 0.2765625 0.61015625 0.234375 0.1234375
0 0.64296875 0.58125 0.3 0.1296875
0 0.08203125 0.46953125 0.1375 0.0953125
0 0.3015625 0.49921875 0.078125 0.059375
0 0.4140625 0.5359375 0.1921875 0.08125
0 0.45859375 0.44453125 0.16875 0.0796875
0 0.58203125 0.46640625 0.1328125 0.065625
0 0.2765625 0.34296875 0.134375 0.078125
0 0.9421875 0.46953125 0.115625 0.0703125
0 0.56796875 0.38828125 0.1875 0.096875
0 0.74140625 0.41484375 0.1609375 0.053125
0 0.71953125 0.38046875 0.0875 0.028125
0 0.06640625 0.62578125 0.1328125 0.1046875