0 0.521486386350116 0.14988620007158762 0.5914022272997681 0.29424527474536
0 0.2911927554000264 0.3730947913749072 0.28369320357377187 0.17821809603754374
0 0.6803414856283629 0.47141739676158656 0.3563322075281047 0.1978044373806341
0 0.06790378851756276 0.4891721353437267 0.13580757703512553 0.1283442706874535
0 0.2946931457044751 0.4981947887094071 0.09849584980971962 0.079234061346272
0 0.4236776501530993 0.47859190806013363 0.22840352570316255 0.1244749306969986
0 0.4521289609137836 0.586004966064588 0.20158635771838504 0.11791584802672599
0 0.5897244614080751 0.5852611734165871 0.1600700197716634 0.09556813335454457
0 0.23325694410786957 0.6631834420353165 0.16220552273741298 0.10964881468808976
0 0.937591617035563 0.6416775421307668 0.05812551779449713 0.08501134667409058
0 0.5582251106097724 0.6677464094127691 0.22591519566510634 0.1400635680299077
0 0.7511938606097723 0.6699918041056315 0.1894391847906917 0.0881010786919079
0 0.7201056866934958 0.7040213587682681 0.10184634288963731 0.04647610534690845
0 0.07653134855540009 0.3190050860120904 0.15306269711080017 0.1361022266868172