0 0.6341016702278762 0.857000833202048 0.5326583944842144 0.27465254139256245
0 0.7698747573278105 0.583261549923865 0.2517584630271227 0.14175467207625303
0 0.3974082231269434 0.579596402194046 0.3179294945971538 0.15227516071216735
0 0.9375475327089811 0.4268364517108739 0.1249049345820378 0.10719666558343129
0 0.7313821337491092 0.472883157472347 0.08498121572854593 0.06548072402541774
0 0.6222115310759209 0.5185832155072962 0.20371580517696727 0.0940887394466932
0 0.5677144758989536 0.428817331984232 0.18184080517696727 0.09370690990138844
0 0.4459150706090469 0.4590969415613089 0.141686242036905 0.07427507142762994
0 0.7400683470585805 0.3131945117744181 0.14397678413027978 0.08680234496658024
0 0.08551589690328876 0.4880670158283126 0.11861276308359248 0.0801159683433749
0 0.45069430489461854 0.38002705032760686 0.20159186305535765 0.11122169236879254
0 0.2785686759130711 0.4190055499205697 0.1691742052052021 0.06382849512873605
0 0.29678805489461857 0.38271349391421533 0.09097361049510884 0.034367091720169364
0 0.9548974155309018 0.5836086030908457 0.09020516893819633 0.11462733603812651