0 0.7446817618056608 0.1385153352476038 0.2341851442210224 0.24271165188677948
0 0.6713619155928487 0.03777381848804935 0.1989738311856975 0.0755476369760987
0 0.7549032069617596 0.5523505147144905 0.13712833703942984 0.20864287727617317
0 0.873566848550503 0.5340514926111666 0.13714651775758924 0.21176787727617316
0 0.9390180899662962 0.6922527860263914 0.12196382006740762 0.3989496285298145
0 0.9249127425751336 0.8982443732525521 0.1272988190854491 0.13024509263643722
0 0.8213468601597722 0.8254637542896491 0.08506586729005079 0.12120506175762494
0 0.8603144322702834 0.9423186336773934 0.08620112041330899 0.047813025864247294
0 0.6741890172666098 0.5125044162055585 0.1186237767345796 0.2502848079967011
0 0.6200958940246306 0.3476439458307296 0.06761474687674215 0.07539245658477531
0 0.5980168818261863 0.4475219253767585 0.061728361239926775 0.13771060015828454
0 0.7170542698988885 0.7620808673800574 0.3212589391059744 0.44052467775102694