0 0.1442837188811134 0.05289555384060196 0.2859626560186403 0.09420889231879608
0 0.3496233369323898 0.10487059482962265 0.15890324855010754 0.103050698630856
0 0.02814034585545951 0.19555258053234767 0.032127260997662124 0.07451983893530464
0 0.111178911417225 0.2572129807226281 0.08167697510489073 0.05005834980971961
0 0.3816923209603502 0.228166173384804 0.19171574855010745 0.10438770555093821
0 0.7634257278041832 0.1052500078343033 0.18203401784613932 0.16162720258518867
0 0.9497704132797139 0.16580155277765668 0.10045917344057216 0.1350063527754691
0 0.4574987269789905 0.30814549205415354 0.20795605518880328 0.09258804250907655
0 0.23735217034029468 0.32965437201565995 0.20386055103961845 0.10020954152049333
0 0.35752388299763077 0.39528734779537217 0.11340057178554286 0.057581689733607444
0 0.5564816012540442 0.3526993052862957 0.12350927759440164 0.04708985870696818