0 0.268987752773117 0.8189491530976463 0.3028071977900975 0.300759075078485
0 0.33001772394422496 0.9442877891789226 0.22752370248167447 0.11142442164215467
0 0.32338713158233856 0.38356825305221776 0.1931701178365838 0.2467532485296619
0 0.19371605707670644 0.3658750627540132 0.1933886391239072 0.24987824852966192
0 0.13553258045771688 0.20169969810012067 0.23981516091543376 0.4017616530976462
0 0.1949518670802791 0.027341507236089236 0.14615373416055819 0.04190861827193717
0 0.29515931671196205 0.08007476085413384 0.11531863342392405 0.13525582654882312
0 0.4035388073288081 0.45003978007601064 0.18216691585911243 0.28976626413349427
0 0.4346734648900471 0.6392627323600029 0.08736859604505706 0.09175813206674714
0 0.47455578369569607 0.5417193470138955 0.09519180372251182 0.1591094063770065
0 0.3947818943196873 0.22462702227409456 0.42393878863937456 0.4300924502478273