0 0.22308990814637522 0.9439331443766668 0.30943838606495555 0.11213371124666657
0 0.3958095442113308 0.8373454907850351 0.16036315727678296 0.11134015634451408
0 0.047569932257386274 0.8596133489738197 0.09513986451477255 0.08517639342673604
0 0.1358763058802604 0.7710249340799308 0.08077151000193968 0.053344511967847195
0 0.3914405217915555 0.7182681824644102 0.19030574879205195 0.11515614057694457
0 0.7751458420949973 0.7162407423036465 0.18813721303635714 0.16501067021222243
0 0.916424159523501 0.6060325537584037 0.08271638939893541 0.13448540919430557
0 0.43965449437081033 0.6262449898351046 0.2036029742462448 0.10610844889756947
0 0.008810256728302884 0.7826683360560418 0.017620513456605768 0.06177395459715278
0 0.23257557588413974 0.6699547029816322 0.20098815727678296 0.1122857137152085
0 0.32466709422102913 0.5773873029053822 0.1113518303053814 0.06497299620027785
0 0.5181140763431816 0.5568423328250004 0.12165160151720862 0.05741506933854161