0 0.08392615781334062 0.26133695491865605 0.14419702229572964 0.2975931383672898
0 0.19443695893796234 0.43342051229664014 0.11506726114786484 0.1490465540583344
0 0.1821347928267485 0.0786602894240032 0.09278806956195362 0.12080337939029935
0 0.26690826659574646 0.18446031664956214 0.055353771539425 0.07685339149054778
0 0.31089783925979325 0.4335245305452086 0.11870571337743777 0.1787431444174139
0 0.302581502773117 0.8063807684449602 0.16983117080279087 0.17279312626704132
0 0.406656633599151 0.9534915969001831 0.13682229282674854 0.08045109016268803
0 0.40038631017879955 0.4838058107958297 0.11031405917039336 0.19275110226293624
0 0.25547410383872726 0.03295287968488695 0.07032320767745456 0.0659057593697739
0 0.3626902961809432 0.28003591618202395 0.11634553788306992 0.18966246369925477
0 0.45127718480064727 0.3733086723303439 0.0682579631253363 0.10504202400410509
0 0.4667868423618863 0.5615762867917246 0.06110102698730664 0.11437157220870695