0 0.2120605374790956 0.8647925153473397 0.30580561416679297 0.21527533818178987
0 0.3937877813307755 0.7690269616084289 0.15694995764913058 0.1321524170163025
0 0.05972796136156372 0.7289169827785605 0.11945592272312744 0.10779103444287888
0 0.17028716969806532 0.6625797425268228 0.0800420240041051 0.0669758576783142
0 0.41318319682542837 0.6566686715664727 0.18511131908544912 0.14053360207923687
0 0.7634462963578901 0.7191505578648737 0.18695562021691714 0.1890895012493999
0 0.9224309317983138 0.6399455420933269 0.10236245159900648 0.14519594606059663
0 0.47455703406125005 0.5770511039301146 0.1975840480082102 0.13679329544054114
0 0.030240449261315312 0.649916567011658 0.060480898522630624 0.07829186597668389
0 0.2769507810361879 0.5834348489557373 0.19604881908544902 0.1413623962703781
0 0.3788859857584522 0.5116764028951406 0.10823065651766237 0.08004454274124875
0 0.5599769044745588 0.5252858491562298 0.11600679508134384 0.0743865385920639