0 0.759145760149565 0.5144048754375861 0.1597489212654743 0.11277381468808993
0 0.5107258510589554 0.5552731340706332 0.15007391233702022 0.09547722668681721
0 0.5688774959461055 0.6708168654121327 0.0553420649348082 0.038136346674090583
0 0.22524409294128062 0.43630276869827134 0.13908186525911964 0.09222495735199913
0 0.1513992642067548 0.32448347402131716 0.1647909772718285 0.13314085868872622
0 0.033445925325959205 0.4121460113383179 0.06689185065191841 0.07429202267663584
0 0.022518107955519062 0.31904090133672713 0.045036215911038124 0.06933180267345422
0 0.6636868043847965 0.2530850200906777 0.3141865998345489 0.45825104137490713
0 0.3636968924548133 0.5176174980505885 0.11363758035608366 0.15597837468172654
0 0.252453655036715 0.6233760547024074 0.06652502678536117 0.052326116008908664
0 0.17236278044210446 0.5560243753580443 0.05577844155801359 0.06313634667409058
0 0.7201360328777364 0.6452276140992682 0.10626936525911965 0.0918431493475449