0 0.2429024940313199 0.41132052791687473 0.16564885771838495 0.12312078453190338
0 0.459588633841477 0.528330283707843 0.1540746877564411 0.10698636228216234
0 0.35755394855649386 0.621196333955512 0.05621550790866543 0.04004711124870504
0 0.7740968028148376 0.5027650876795657 0.1446360207602467 0.10498721463952716
0 0.8882813196207519 0.41791059057504987 0.1696015286689118 0.1435788337461151
0 0.9518742929290059 0.541271007862392 0.04942167984777583 0.06468323821317572
0 0.43714853703468803 0.21287237344981405 0.33820292593062395 0.4257447468996281
0 0.6120451303814359 0.537604622211469 0.12205536661563343 0.16319782092583351
0 0.6734707672258434 0.675881564105917 0.06778967787060922 0.0561815334984459
0 0.7757163581383144 0.6352501019475894 0.05723417984777583 0.06504711124870503
0 0.22792479836621346 0.5492571755595099 0.11169618676785786 0.10033394789030403