0 0.46796875 0.43203125 0.1484375 0.0890625
0 0.29609375 0.4765625 0.0984375 0.059375
0 0.2390625 0.5375 0.1484375 0.08125
0 0.76328125 0.509375 0.1375 0.0984375
0 0.85859375 0.59140625 0.153125 0.1234375
0 0.61640625 0.5 0.109375 0.0640625
0 0.2984375 0.76171875 0.4125 0.4765625
0 0.95859375 0.4859375 0.0828125 0.065625
0 0.97734375 0.57734375 0.0453125 0.0734375
0 0.7890625 0.3875 0.0453125 0.05
0 0.696875 0.3328125 0.046875 0.040625
0 0.54921875 0.309375 0.0390625 0.0484375
0 0.6046875 0.40546875 0.0875 0.0515625
0 0.39296875 0.3515625 0.05 0.034375
0 0.6296875 0.43828125 0.0484375 0.0484375
0 0.621875 0.321875 0.053125 0.034375
0 0.56484375 0.3484375 0.0578125 0.040625