0 0.4578125 0.43828125 0.1578125 0.109375
0 0.2953125 0.50859375 0.103125 0.071875
0 0.2484375 0.578125 0.15625 0.1015625
0 0.76171875 0.46796875 0.146875 0.115625
0 0.86875 0.534375 0.1671875 0.14375
0 0.61484375 0.48203125 0.115625 0.0796875
0 0.3453125 0.7640625 0.478125 0.471875
0 0.95234375 0.4140625 0.090625 0.0765625
0 0.978125 0.5015625 0.04375 0.078125
0 0.76796875 0.34375 0.0515625 0.0546875
0 0.66875 0.30390625 0.0515625 0.046875
0 0.51875 0.30390625 0.0453125 0.053125
0 0.58828125 0.38984375 0.0921875 0.0625
0 0.37109375 0.3703125 0.053125 0.040625
0 0.61796875 0.41875 0.0546875 0.0546875
0 0.5921875 0.3046875 0.05625 0.0421875
0 0.540625 0.33984375 0.0625 0.0484375