0 0.22000716802235853 0.4044150763472175 0.18057961850553061 0.15308071337743775
0 0.47017476339597586 0.42203499303950903 0.16306483603812652 0.1331288462971587
0 0.45054983035937896 0.2946583920507734 0.061755706168510116 0.051136165102807676
0 0.7057462504103323 0.6053181145592637 0.15358074188232518 0.12622328243518838
0 0.740968909907979 0.7331646091113819 0.185621674511885 0.17372099530842283
0 0.8933496160764893 0.6756913266761937 0.10626936525912001 0.0979454631253363
0 0.8721819537394687 0.7708070847219654 0.07636367694751697 0.0833695108957631
0 0.22996895455024768 0.683064600232431 0.3978173060030592 0.528768400271772
0 0.5992389261400334 0.49338047929375417 0.14362508928453738 0.18170845792955603
0 0.7387202118538484 0.4149609123296907 0.07455571509696383 0.06919775025210147
0 0.794196870133679 0.5000353988360373 0.06844208279171564 0.07657320767745475
0 0.2993418863657334 0.28494417448596165 0.12224892126547413 0.11935056956195363