0 0.5069604245188286 0.4290087056060271 0.18337009263643722 0.12760789129415606
0 0.6858008268678265 0.5107667239527915 0.11959709765100221 0.08349427693097126
0 0.7350446574300699 0.590154242103164 0.1799723079967011 0.11821471057599683
0 0.1623920705996204 0.45913358460354303 0.17109741316955057 0.13534766842151918
0 0.06845316864633391 0.5323761627641783 0.13690633729266782 0.16649767447164338
0 0.32671298337345955 0.4761433017206434 0.13549488229073817 0.09296018052176755
0 0.6167850877548863 0.7619070431364363 0.5605142319868042 0.4719316256778662
0 0.16177360814235037 0.31931710568078187 0.061239028371529926 0.06440793364502548
0 0.27554660312778545 0.2749125998270494 0.060966243731793844 0.05503293364502539
0 0.44498692491454006 0.27705129586691085 0.053335600158284535 0.06123748184962743
0 0.3617448644105565 0.37283194935951114 0.10677884890464337 0.07248405405833439
0 0.6075574695834061 0.3542172629840112 0.062346887305303154 0.048792024004105095
0 0.3272191002247916 0.405058642079723 0.06592652837152997 0.06443520472226431
0 0.3621744249145401 0.2775330848981306 0.06547188730530315 0.048810204722264314
0 0.41804634019566167 0.3170450367917246 0.07351170783841657 0.05666815651766246