0 0.5254867031166613 0.5328414530627522 0.14995487353571574 0.20056771857321784
0 0.43417990669043316 0.7147248736134415 0.09884335969555132 0.13155563861970415
0 0.35161941608197333 0.7651561983711752 0.14207870653952134 0.1984589153549093
0 0.5137282134596036 0.1865838120972596 0.15569553756616053 0.18850476114786482
0 0.4461666872621494 0.08536442758805482 0.18920837452429887 0.17072885517610964
0 0.4875689145619175 0.352159535614156 0.10885502965749527 0.14783620248167448
0 0.234807306386422 0.6479683343929892 0.43930912258431365 0.6103133312140215
0 0.5897774244105681 0.016617468485604407 0.09655134783255334 0.033234936971208814
0 0.6554527984405756 0.18450822384587257 0.07142401384016442 0.07043246832111634
0 0.6937897396570577 0.2985653700071452 0.061985346843970036 0.06821440445914587
0 0.6827288587441492 0.4693531174092552 0.06641817885919252 0.06229218639013112
0 0.590037339961069 0.3865184740979741 0.08733285672980173 0.11672831411407199
0 0.5961904753597828 0.6336666257071284 0.05573534684397004 0.06777736188449897
0 0.5596349155505006 0.3518210460057162 0.07155134783255335 0.07355746832111638
0 0.6871351744477492 0.3852130641909466 0.05592634783255335 0.07246486188449897
0 0.6432379358164557 0.44234250317896767 0.06561968281352523 0.0809329257464693