0 0.48878070421590325 0.49124625696049085 0.19386171561506949 0.15239229852673156
0 0.30894969348232687 0.5730486419738987 0.12870818787965285 0.10103761213660042
0 0.2624578596104866 0.653255312020385 0.19208101006798622 0.1429080378830701
0 0.8421420935585768 0.526095412428043 0.18466855357097245 0.1595492346647612
0 0.9333801169255904 0.6031820723350706 0.13323976614881908 0.18348947921687966
0 0.6740467101998269 0.5424202629125757 0.1429888934267362 0.11139595792955603
0 0.3782127590211465 0.7785127660915434 0.5744999986688197 0.4429744678169133
0 0.8356712751699655 0.38212689114071957 0.06566267401194459 0.07322968639013112
0 0.7160484529816322 0.3363230822224277 0.06384560087368066 0.06218292574646948
0 0.5444643937110767 0.3368044114196368 0.057777438829583264 0.06955838317182242
0 0.6341282653863198 0.435891757464694 0.11279224715020834 0.08744500569998319
0 0.38165722881718783 0.41277741351332387 0.06686149810013901 0.057713947033792935
0 0.6715561834143406 0.4689281325907448 0.06875130642076392 0.07188570767745457
0 0.6302746071419447 0.33734499682103225 0.07154899810013901 0.058041728964778015
0 0.5734985834905906 0.37783360300554814 0.07641833605604162 0.06618201089576328