0 0.40238583458408705 0.548441774470902 0.1792559687818068 0.1351357070582587
0 0.22696173784946444 0.4845955298694868 0.12002481252120445 0.09012993776222693
0 0.17885410926367637 0.411881002899785 0.1789831502701525 0.1273232070582587
0 0.735562922333035 0.4904694508112595 0.17015378729346117 0.14223781203728053
0 0.8545063844914198 0.40899246263411404 0.1915029976377472 0.1734645012493999
0 0.5759523093563436 0.4869803657529694 0.13118056733052796 0.09720873195336796
0 0.2852380624363865 0.24250680871328828 0.538898875127227 0.48501361742657656
0 0.9312275971979588 0.5325232057856369 0.08726687622353531 0.08920605518880328
0 0.9650520148913063 0.4341206719674579 0.037376003628197194 0.0885422817435865
0 0.737093162081416 0.6251521041306074 0.05999504809323426 0.06688076929603178
0 0.626971628416152 0.6771308464569374 0.059613102176918176 0.05594326929603177
0 0.4644989102673175 0.688663110153892 0.05363592068857255 0.06328217261537983
0 0.5435539824071688 0.5891707504009853 0.10558036660488845 0.07812684523075966
0 0.30450884057453687 0.6291016238508466 0.06095734736759475 0.0498116684661948
0 0.5766765064537859 0.5554935674126433 0.0630654843909035 0.06555506763635802
0 0.5442136921184829 0.6818435024755777 0.06408234736759474 0.050048466806520864
0 0.4892732209744234 0.6486058726014466 0.07060516587924912 0.05833456348717299