0 0.6766061295462448 0.6545958301140357 0.10665879465362345 0.09104664065150558
0 0.43211340592519126 0.7125992699550838 0.10602175782192055 0.08010914065150558
0 0.3250436295462448 0.6423189970895932 0.10380681043863911 0.09562501324684405
0 0.2696890006352845 0.678745081210344 0.06403167889684287 0.055252984390903315
0 0.3098575162791257 0.5267113552569611 0.1228298262236546 0.10096727767481414
0 0.20122669794797887 0.6176414009031246 0.14488683674699834 0.10485616950744614
0 0.17381505851367485 0.6581746316658309 0.07496917889684288 0.05563493030721922
0 0.17328443749522232 0.6941666953681619 0.06853716837349917 0.0522916754978958
0 0.1310514348643864 0.6934747254052287 0.07019067363517104 0.053908739200226916
0 0.7145255455712568 0.8876290078893664 0.3674128260824803 0.22474198422126718
0 0.4568033218090289 0.8128820121505356 0.13414675782192056 0.08109128729346082
0 0.332432834375 0.8971857359375001 0.46503564375 0.904543771875 0.5435868890625 0.8929922124999999 0.5505892421875 0.8867762078125001 0.471179796875 0.8302309171875001 0.3485274046875 0.82584421875 0.25312888125 0.8329582921875 0.1571686875 0.8436625718749999 0.134125928125 0.8613071218749999 0.201743128125 0.8811030375 0.268097278125 0.88094098125 0.332432834375 0.8971857359375001
0 0.412233353125 0.01439550625 0.2439379484375 0.0085185015625 0.12959256875 0.38922284375 0.05024306562500001 0.7387499921875 0.0739872046875 0.744653628125 0.11170183281249998 0.7033047078125 0.114475965625 0.6505331171875001 0.14588961875 0.6389483828125 0.1310267140625 0.583283540625 0.22253342968749998 0.41183391562500005 0.29169593125 0.39372080781249996 0.339392359375 0.5023075578125 0.389600609375 0.521256196875 0.42956475312500003 0.3534026515625 0.3826095890625 0.078897059375 0.412233353125 0.01439550625