0 0.28984375 0.52265625 0.075 0.059375
0 0.41796875 0.35625 0.0765625 0.0515625
0 0.5265625 0.3453125 0.071875 0.065625
0 0.54296875 0.29296875 0.046875 0.0390625
0 0.6 0.4109375 0.0875 0.065625
0 0.62109375 0.2953125 0.10625 0.0640625
0 0.61640625 0.25390625 0.0546875 0.034375
0 0.59765625 0.23125 0.05 0.034375
0 0.625 0.21015625 0.05 0.0359375
0 0.1328125 0.3890625 0.265625 0.1625
0 0.34765625 0.30546875 0.1015625 0.0453125
0 0.247561690625 0.2999262859375 0.2463745015625 0.30760730000000003 0.32893280156250004 0.30187968593750003 0.41133218749999995 0.2398961 0.4696970203125 0.1849427125 0.5264755640625001 0.127392778125 0.531910925 0.1039171375 0.4770332625 0.126956346875 0.43383463125 0.1621130953125 0.38302924374999997 0.1856935296875 0.29252250625 0.25103023125 0.247561690625 0.2999262859375
0 0.6451768796875 0.2525711609375 0.685148746875 0.280377575 0.718704284375 0.43854588124999994 0.683437109375 0.48668536875 0.5932619421875 0.44232296875 0.5502020062499999 0.45670829687500003 0.6154259468750001 0.5853445890625 0.7953601984375 0.736383653125 0.8431179562500001 0.9090497515625 0.8506875125000001 0.9161904953125 0.9881701390625001 0.900449096875 0.9891246625000001 0.8575648156250001 0.7916332359375 0.4039322765625 0.653291103125 0.138112521875 0.6345904171875001 0.14687407187499998 0.6324764421875 0.193285084375 0.6593689875 0.228555253125 0.6451768796875 0.2525711609375