0 0.340196427430417 0.36121174354371216 0.08750130642076392 0.07319683540139543
0 0.5479160488213196 0.24182868697120882 0.08884560087368065 0.06393109604505716
0 0.6637235399876044 0.2752042796620713 0.08452177678548622 0.07922831411407198
0 0.7040933136389586 0.22777762260503528 0.051018292553055566 0.047246340597175515
0 0.707511867209931 0.37465262260503535 0.10014677678548622 0.08032092055068932
0 0.7824008048052434 0.26377547074377944 0.12198540919430556 0.08028806956195363
0 0.7970075122521878 0.21893286430716205 0.06184668977951393 0.043323665102807676
0 0.788431292837396 0.18666666752547073 0.05715918977951375 0.04299588317182246
0 0.8265307048814933 0.17617728175575825 0.05715918977951375 0.04299588317182246
0 0.22098791327836823 0.14809402053101883 0.3511300081681251 0.20706836289290517
0 0.49982208130638905 0.15911437595923 0.11526263050895835 0.05953852698730664
0 0.5917244125 0.049525204687500005 0.46915626875000005 0.0794439203125 0.400590128125 0.1114020640625 0.3957950484375 0.1188910578125 0.48243702656250004 0.14762267812500002 0.5951933406250001 0.1177845921875 0.680221421875 0.08515905625 0.7648489390625001 0.0491667625 0.7813419953125 0.027037207812500002 0.7147670046875 0.027939035937500002 0.6544104468749999 0.046349509375 0.5917244125 0.049525204687500005
0 0.728937071875 0.95065531875 0.8956124437499999 0.9390002421875 0.9053644859375 0.44816137500000003 0.8888209703125 0.11359796562499999 0.865708921875 0.114852115625 0.8418812921875001 0.162228646875 0.8527586796875 0.21020684374999998 0.8271071421875 0.2292189796875 0.8547731421875 0.2749307578125 0.8150241015624999 0.45351540625000003 0.756670353125 0.4887596796875 0.6856775359375 0.4047370328125 0.635163925 0.4016047109375 0.6414173187500001 0.5627836984375 0.7538741140624999 0.795457375 0.728937071875 0.95065531875