0 0.3 0.43203125 0.075 0.059375
0 0.48671875 0.33515625 0.0765625 0.05
0 0.58984375 0.37109375 0.071875 0.0640625
0 0.6265625 0.33046875 0.0453125 0.0375
0 0.628125 0.46171875 0.0859375 0.0640625
0 0.69609375 0.365625 0.10625 0.0625
0 0.709375 0.3265625 0.0546875 0.034375
0 0.7015625 0.29765625 0.05 0.0328125
0 0.7359375 0.28984375 0.05 0.034375
0 0.1953125 0.2359375 0.30625 0.1578125
0 0.44375 0.259375 0.1015625 0.04375
0 0.355768 0.21198659531250003 0.351445903125 0.2184462296875 0.428689728125 0.24814589374999999 0.5295643296875 0.2267931734375 0.6056851375 0.20165453437499997 0.6814656265625 0.1734922296875 0.6963129703125001 0.1545131578125 0.6368401265625 0.15220146875 0.5828309875000001 0.1658077734375 0.526820146875 0.1657076203125 0.417180703125 0.1866729828125 0.355768 0.21198659531250003
0 0.7929759234375 1 0.8049094468750001 0.5361826062499999 0.7918691765625 0.23680218125 0.7712178093750001 0.23683959062499998 0.74968775625 0.278008846875 0.7591548625 0.32133975625 0.7361428828125 0.3371077171875 0.7606181984375 0.3792017265625 0.724185028125 0.536732078125 0.6718774875 0.5654567187499999 0.608899390625 0.48714105781250006 0.563794334375 0.4819806765625 0.5685432515625 0.626129578125 0.6677872 0.839060959375 0.6407423953125 1 0.7929759234375 1