0 0.48746920953319944 0.3467276917479548 0.07927265394280311 0.09355368182494202
0 0.6735825684672739 0.49618781676654533 0.06977010818516849 0.09160917984777565
0 0.6798489307353284 0.6210750702265864 0.08514001666989941 0.08912084980971961
0 0.7394472002801658 0.6399643330781677 0.05133910151720862 0.0565975098858317
0 0.6001138911866116 0.7048333049035472 0.08654302000387944 0.10630834980971962
0 0.73211331921618 0.7298080830781677 0.0883286606107628 0.12818334980971963
0 0.7803435251255354 0.7247186764620966 0.04741687606301585 0.06578150889724857
0 0.807974188611236 0.7031129318993041 0.04703423879011233 0.061094008897248565
0 0.8304232734585455 0.7353816038384144 0.04703423879011233 0.061094008897248565
0 0.6496656759035364 0.17461922288832482 0.22254364819292718 0.3033982085166877
0 0.7350937665007216 0.41482241163334904 0.06750597758022465 0.12110567885919252
0 0.896223184375 0.51508770625 0.8717493468749999 0.45640110468749995 0.8012363421875 0.3516981 0.7472429140625 0.2995748625 0.7384454468749999 0.29815572343749996 0.7406170921874999 0.39330249687499996 0.8076973765625001 0.4886432375 0.8679586609375001 0.5562486984375 0.931300703125 0.6220441359375 0.952141515625 0.6270375031250001 0.9531146671874999 0.6151159046875 0.9344608515624999 0.565088796875 0.896223184375 0.51508770625
0 0.4211816328125 1 0.598021365625 0.9256562734375 0.9121196843750001 0.7680656703125 0.90301669375 0.74646348125 0.8495878875 0.7437170937500001 0.8074532031249999 0.774461315625 0.7805096546875 0.7579508374999999 0.7462828 0.8038126546875001 0.5620077828125 0.8414090515625 0.5083663109375001 0.800458103125 0.5643906421875 0.6968723015625 0.550108621875 0.6471702015624999 0.3982018015625 0.7214470000000001 0.21428619843750002 0.927721625 0.012522578125 0.9815820234375 0.003877878125 0.9902544046875 0.0045403171875 1 0.4211816328125 1