0 0.46086225807121595 0.8384391994105735 0.08034342306201392 0.1016897878817268
0 0.6295544406325353 0.6822205056291896 0.07249455547083343 0.0994895590935542
0 0.6235018495425004 0.5561841641139206 0.08648432028847228 0.09751247091226496
0 0.6799148504924309 0.5342770842675811 0.052908100873680655 0.062021510001939714
0 0.5365999551658337 0.4742329203228384 0.08844686379145834 0.1148275166698994
0 0.6653600815907295 0.44497546820650485 0.09208101006798622 0.1369576081851685
0 0.7129981477951393 0.4480843638143582 0.050001306420763926 0.07114141848667063
0 0.7423226250937156 0.468412710330597 0.04832970364722229 0.066326372729036
0 0.7618350380877434 0.435695805179846 0.04832970364722229 0.066326372729036
0 0.6295414825200008 0.9205986398579775 0.21246755167111112 0.15880272028404505
0 0.6992324674180214 0.761206246086292 0.07006053970326391 0.12892196757828495
0 0.8726637500000001 0.5460391359375001 0.8163732359375 0.6145110421875 0.7633171421875 0.6846975265624999 0.706248296875 0.7830505624999999 0.713526153125 0.8789329421875 0.722109390625 0.8771955765625 0.770484696875 0.822818346875 0.8300295343749999 0.7149178218750001 0.8484814843749999 0.6549665328125001 0.8814431218750001 0.60327846875 0.8985942578125 0.5386365515625 0.8726637500000001 0.5460391359375001
0 0.0013993453125 0.0601216078125 0.0054574765625 0.23447541562500002 0.1313443234375 0.263377553125 0.33416896875 0.4646348359375 0.4921682890625 0.534101434375 0.5014042171875001 0.48355419218750006 0.43558046250000004 0.3812143203125 0.4847142 0.33809915468749996 0.6711751703125 0.3694964625 0.7096618609374999 0.41447635 0.734743540625 0.3969069421875 0.779573421875 0.4263872453125 0.8322832671875 0.42174889843749996 0.8391688484375001 0.3996778796875 0.5120757328125001 0.2520055578125 0.0013993453125 0.0601216078125