0 0.9038104555581381 0.24569247023957633 0.12031104195220052 0.1686950056999832
0 0.5108321271977576 0.8878460273162828 0.07524219468185844 0.06283848960843982
0 0.3246439982162101 0.865074434877522 0.07246580517696728 0.09532320767745475
0 0.2796793796874192 0.7553987861183591 0.053822220990217676 0.06912134059717552
0 0.3328337427427767 0.6443084668085071 0.07725972099021768 0.07076025025210146
0 0.44721476115862824 0.6308636898212004 0.2772120312876824 0.32438726684784813
0 0.7314411738469325 0.14145090060074814 0.34118352602601065 0.2829018012014963
0 0.21353844019664542 0.7421282437958137 0.14964993145709168 0.13806771857321784
0 0.15201638224766795 0.6896313105077757 0.04987817363517104 0.05484031930985207
0 0.13846357451045194 0.85552946211693 0.05107665258848364 0.048699579953513705
0 0.19511539291218596 0.8313382092669384 0.0531851841585147 0.05818384059717552
0 0.6482095718090288 0.7467461438923587 0.3972808785580245 0.43548829383515475
0 0.5825559377775711 0.9388515164205196 0.07534861049510884 0.03794775025210164
0 0.8365803690229011 0.5717358001930901 0.2713260523343699 0.3302002242732012