0 0.7490206083030142 0.1897853854460423 0.15026195435896633 0.08928331838861121
0 0.12002388299763075 0.4106667026972917 0.05172936597668398 0.06515352773541672
0 0.13723838424703064 0.5966769378796528 0.08683807178554281 0.0550524823325695
0 0.24160749814912216 0.6669550299196182 0.06065408008391256 0.03884560087368065
0 0.35053221225635073 0.6429746288934378 0.057860966806520954 0.06373649810013901
0 0.3666406191001836 0.5365070765567364 0.2847338879720082 0.2171927256830557
0 0.8636620648368192 0.38697146960222295 0.27267587032636165 0.28775979882131963
0 0.2521674124661322 0.7342698164887501 0.11548513527271584 0.12434799620027785
0 0.30130457470854977 0.8063818590418057 0.04647318091374952 0.03695579255305574
0 0.1408756375710229 0.7784717985369792 0.03913427759440165 0.04302395459715278
0 0.16677436412580615 0.7291627827694098 0.050071777594401644 0.04327852773541672
0 0.23066353984146365 0.3063993896270141 0.43812084233097454 0.3065487792540281
0 0.05419612822374596 0.32412848423243057 0.06387416846619491 0.06075696846486114
0 0.4323416711654873 0.15823856582316007 0.29299667386477957 0.243900696047778