0 0.2609375 0.81953125 0.13125 0.071875
0 0.87421875 0.63125 0.040625 0.0578125
0 0.88125 0.45859375 0.0734375 0.0453125
0 0.79140625 0.390625 0.053125 0.0328125
0 0.6875 0.409375 0.046875 0.05625
0 0.66015625 0.50859375 0.240625 0.184375
0 0.16484375 0.6328125 0.246875 0.2484375
0 0.78984375 0.328125 0.0921875 0.109375
0 0.753125 0.259375 0.0390625 0.0328125
0 0.89921875 0.2890625 0.0328125 0.0375
0 0.86953125 0.334375 0.0421875 0.0375
0 0.76328125 0.72578125 0.384375 0.25625
0 0.93203125 0.71484375 0.0671875 0.053125
0 0.553125 0.8578125 0.2453125 0.2078125