0 0.6546875 0.83203125 0.2453125 0.171875
0 0.0765625 0.76328125 0.1140625 0.096875
0 0.65625 0.49453125 0.2046875 0.10625
0 0.7546875 0.39453125 0.165625 0.06875
0 0.44375 0.41328125 0.10625 0.046875
0 0.6296875 0.35078125 0.1484375 0.0578125
0 0.43828125 0.365625 0.1 0.0453125
0 0.33671875 0.3734375 0.0515625 0.0296875
0 0.3921875 0.33046875 0.0875 0.0390625
0 0.5390625 0.31796875 0.0609375 0.03125
0 0.7796875 0.3140625 0.1359375 0.04375
0 0.6953125 0.2828125 0.0890625 0.0265625
0 0.646875 0.30703125 0.0625 0.0296875
0 0.646875 0.25859375 0.0796875 0.0265625
0 0.51796875 0.234375 0.059375 0.0328125
0 0.7109375 0.21953125 0.059375 0.0265625
0 0.62734375 0.2234375 0.065625 0.01875
0 0.79453125 0.21484375 0.0515625 0.025
0 0.45546875 0.271875 0.0578125 0.0390625