0 0.36183947231967106 0.146211744105682 0.31382105536065785 0.2748513972617119
0 0.2665999792025723 0.5054328938016708 0.26806820357377187 0.18563238836446344
0 0.11056354342329759 0.5898503616727176 0.21890119171077377 0.12747237847863158
0 0.24872277661738362 0.6752997248283101 0.14868685079830274 0.0887335306460784
0 0.4660057771116752 0.6818056872993304 0.1105793557412186 0.11057935574121877
0 0.5056638433095668 0.7648065296946763 0.10892401384016441 0.0699543557412186
0 0.342429014260094 0.7378089950942652 0.07910917984777566 0.06561968281352523
0 0.06881244213070324 0.673446770265955 0.13392401384016445 0.07097302768032883
0 0.16417668026770516 0.7336759575281044 0.13197951186299806 0.06153436068413463
0 0.19992583787235937 0.7781727154367699 0.12110567885919248 0.0626511917107738
0 0.9492890982896638 0.3634376196557451 0.07977502471457924 0.12024351581733077