0 0.4361283028846363 0.1530052626894236 0.3223844094028149 0.23770102966144585
0 0.996571595308291 0.33176852860030104 0.006856809383418039 0.11579771682251269
0 0.3990416016863866 0.522146148129847 0.2580670757634535 0.1576771863754999
0 0.2791592785080069 0.614293262394836 0.20411315727678297 0.10894879488495235
0 0.6268791724488703 0.6513513382177804 0.1325571506088231 0.07417381908544911
0 0.41393263335919556 0.6854183077707676 0.18252519970043757 0.09320562021691714
0 0.6273732510872618 0.7052803141154793 0.12279951333591957 0.06943177693097127
0 0.7415473213907035 0.7155587630822071 0.06438123545613231 0.042542024004105096
0 0.6749496238162978 0.75190078406125 0.10797173879011232 0.059974963699254855
0 0.5112379391187698 0.7380024314055303 0.07713632697140156 0.04573974687674216
0 0.24373170366263727 0.6973512020899857 0.16380715060882317 0.07435562626704133
0 0.3337506679069424 0.7468512323406067 0.10695137272903601 0.04747496369925486
0 0.39022393745177986 0.7301086390546608 0.07700878121376702 0.04417724687674216
0 0.385185493211354 0.7832881812091386 0.09419628121376702 0.04427724082661779
0 0.5252682303344764 0.8332785699692117 0.07582891848667046 0.048855656517662285
0 0.3102651126064102 0.8134256539835796 0.07362868969849785 0.04103406615858276
0 0.40347297866748644 0.8253893227978821 0.0778060066679597 0.03481133723582168
0 0.21718479230296844 0.8030244851692772 0.06399859818322887 0.03785452400410492
0 0.5986898838182375 0.8039314375538504 0.0747766015172088 0.05509656615858276