0 0.16262077907227063 0.7051333943999053 0.2908533007386847 0.33140846516238903
0 0.5326060261454044 0.6791117389592902 0.1858930899662962 0.27598789940087515
0 0.6699474657423583 0.7973032427523121 0.12466469847574828 0.22101361485312837
0 0.6916901346548567 0.6421214062380128 0.08677381303532491 0.15076501666989942
0 0.6124106590517452 0.43730661835628604 0.1084397347764936 0.11661315727678297
0 0.6721760236113216 0.37502963002521567 0.07093973477649378 0.1135520590935541
0 0.7121475595192834 0.534468273966079 0.0645079275949012 0.08179187606301604
0 0.7606088271786767 0.810950896695115 0.07262949980360833 0.13555460485118864
0 0.7779367068635636 0.7022614229079123 0.0632363190854491 0.1316643303053814
0 0.8042128605525557 0.6552109507876993 0.06319086729005115 0.12385183030538141
0 0.13565167456983915 0.09618895803538731 0.10658634328594588 0.0664856115191484