0 0.505170907232263 0.8786074107958486 0.31370113912390724 0.24278517840830283
0 0.9971581313302369 0.6841023139567849 0.0056837373395261185 0.12351191106992569
0 0.3925791640175269 0.5319717741314351 0.25042560694082044 0.17084824645662094
0 0.259827012156271 0.4501810823914704 0.19547602698730665 0.12061014427970278
0 0.5805658470534634 0.4005928324762884 0.1271195108957633 0.07925596878180681
0 0.3715514799731843 0.37614836006628455 0.1756334205506893 0.10433037985173241
0 0.570764876134457 0.349593327666965 0.11919775025210164 0.07742065027015244
0 0.676539628732347 0.3353621912766286 0.06399679802252863 0.04587798439090331
0 0.6057136765027741 0.30327388837407093 0.10593292574646931 0.06604664065150559
0 0.4527743468013618 0.3228720818433162 0.07537134059717551 0.0525099303072194
0 0.20754361029501514 0.37120042132154474 0.15713479282674844 0.08498017912609299
0 0.28351624841051615 0.32085817014041834 0.10193384059717552 0.05343751324684387
0 0.34064033355981005 0.33532246342432914 0.07515281930985207 0.049384930307219396
0 0.32464399296263446 0.2848859538056823 0.0924495799535138 0.05154763103285882
0 0.4463279688253195 0.23068458184331622 0.0721370799535137 0.05083830290255768
0 0.2463879529858776 0.25799358239147036 0.07013753737886681 0.04453373920022674
0 0.33190483590559855 0.24383436787083287 0.07438799480421991 0.0384474303072194
0 0.16003518974432582 0.27134426506094245 0.062106516091543364 0.041135920688572546
0 0.5221309981584146 0.25593260770403187 0.0741366225281606 0.05714286660488854