0 0.49375 0.79453125 0.415625 0.4109375
0 0.82421875 0.7484375 0.3515625 0.446875
0 0.9171875 0.36875 0.165625 0.284375
0 0.73828125 0.36171875 0.1890625 0.13125
0 0.5765625 0.47578125 0.115625 0.1078125
0 0.45859375 0.4875 0.0765625 0.059375
0 0.484375 0.40078125 0.1125 0.065625
0 0.46328125 0.34296875 0.1 0.0828125
0 0.63828125 0.2828125 0.2703125 0.134375
0 0.83046875 0.16640625 0.1703125 0.1109375
0 0.69375 0.184375 0.0984375 0.09375
0 0.60390625 0.17890625 0.146875 0.0578125
0 0.63203125 0.125 0.2375 0.1078125
0 0.77265625 0.275 0.071875 0.0453125
0 0.7984375 0.23203125 0.046875 0.0421875
0 0.9390625 0.1765625 0.05 0.1265625
0 0.4875 0.20390625 0.1453125 0.115625
0 0.35234375 0.41875 0.134375 0.10625
0 0.4078125 0.30703125 0.11875 0.1046875
0 0.12890625 0.74453125 0.2140625 0.2890625
0 0.140625 0.5171875 0.109375 0.078125
0 0.04296875 0.50625 0.0859375 0.084375
0 0.26953125 0.46171875 0.096875 0.071875
0 0.2515625 0.3984375 0.0703125 0.0484375
0 0.02265625 0.44921875 0.0453125 0.0578125
0 0.27734375 0.65078125 0.134375 0.084375
0 0.32109375 0.528125 0.09375 0.0875
0 0.1828125 0.96484375 0.14375 0.0703125