0 0.3671875 0.76015625 0.4515625 0.4671875
0 0.08984375 0.553125 0.1796875 0.271875
0 0.2375 0.553125 0.10625 0.125
0 0.46953125 0.484375 0.09375 0.1015625
0 0.5734375 0.5046875 0.096875 0.090625
0 0.1640625 0.3765625 0.0921875 0.0875
0 0.2875 0.36015625 0.08125 0.084375
0 0.40234375 0.36875 0.103125 0.0984375
0 0.30703125 0.303125 0.0671875 0.0625
0 0.5203125 0.403125 0.0890625 0.0875
0 0.7703125 0.47890625 0.1671875 0.165625
0 0.5265625 0.334375 0.0734375 0.0671875
0 0.50078125 0.28125 0.0890625 0.109375
0 0.70078125 0.34296875 0.2640625 0.18125
0 0.6 0.2296875 0.1390625 0.1015625
0 0.84453125 0.396875 0.0515625 0.0609375
0 0.84375 0.4515625 0.05625 0.053125
0 0.0703125 0.3265625 0.090625 0.08125
0 0.91875 0.31015625 0.1625 0.1359375
0 0.76328125 0.1796875 0.2125 0.1515625
0 0.71640625 0.23125 0.15625 0.096875
0 0.79609375 0.27734375 0.1015625 0.0984375
0 0.73515625 0.80703125 0.4578125 0.3859375
0 0.91484375 0.56015625 0.1703125 0.2984375