0 0.0984375 0.69765625 0.184375 0.246875
0 0.11640625 0.9609375 0.0765625 0.078125
0 0.4515625 0.809375 0.353125 0.38125
0 0.8203125 0.78046875 0.359375 0.4203125
0 0.57265625 0.48359375 0.0921875 0.0859375
0 0.46796875 0.4921875 0.0875 0.0703125
0 0.36484375 0.4046875 0.0625 0.0796875
0 0.25234375 0.43046875 0.0625 0.0671875
0 0.14453125 0.48515625 0.0734375 0.084375
0 0.490625 0.39609375 0.0671875 0.053125
0 0.75 0.39453125 0.1421875 0.109375
0 0.47890625 0.334375 0.0484375 0.05
0 0.51484375 0.21328125 0.125 0.0703125
0 0.796875 0.30625 0.0546875 0.046875
0 0.7109375 0.203125 0.078125 0.0484375
0 0.63125 0.30078125 0.1953125 0.103125
0 0.8328125 0.2015625 0.1109375 0.084375
0 0.0375 0.378125 0.075 0.06875
0 0.040625 0.46015625 0.08125 0.0921875
0 0.25078125 0.365625 0.0578125 0.0515625
0 0.43046875 0.29140625 0.065625 0.071875