0 0.7529190918404811 0.41752078477081334 0.48292169363888143 0.5007305373965426
0 0.753623408453219 0.7720499120384983 0.44271335588993316 0.4559001759230036
0 0.4365846974759605 0.9229027926877718 0.3211359339354164 0.1541944146244564
0 0.3823659673462264 0.7782010093889065 0.17320935462398895 0.2191147213558171
0 0.4602256164352525 0.5852782600652242 0.13287204210278442 0.1374283693507266
0 0.4450048989193901 0.4616134933959062 0.07649306733052796 0.08835452267663584
0 0.3612276104448027 0.5106589733847704 0.09030259618646844 0.12599997334499946
0 0.2981646152541261 0.5036726293761798 0.10560021397248338 0.11680678668045381
0 0.27811746616509997 0.6972680880410436 0.19167166714519351 0.3005465346912716
0 0.20598946190393078 0.9051073126989075 0.1445734339354164 0.1594306386855447
0 0.19087787179273008 0.7783175460295896 0.11653771397248333 0.11693405601527189
0 0.16427322097442346 0.689690850692226 0.09004962504240899 0.1634817920114539
0 0.11514375101149033 0.73132382001909 0.15911213828925294 0.26268290802036276
0 0.3014408603599847 0.8350953520448616 0.060649812521204535 0.08192270934118148
0 0.2641665496528788 0.8729584313733163 0.053526793283910835 0.05684998400699968
0 0.1616070671608919 0.5646090346912717 0.14964287985173247 0.17042268268618094
0 0.3504314981010834 0.37219591004931585 0.1350893065307547 0.15619655068427196
0 0.24899299447288642 0.45698798603595286 0.13141866950744613 0.14053518801718107
0 0.623315959711314 0.10025946475172336 0.3314930805773718 0.1897192173774525
0 0.39945930826003523 0.13204362472149747 0.10274803248413758 0.12458292401336299
0 0.36417906188823235 0.04566068204963408 0.10289187622353531 0.08397610534690847
0 0.3732911339432657 0.277110676718634 0.09293652286549073 0.11197383601209036
0 0.3045956976455965 0.2747481980426344 0.06372024881887359 0.0803965720082724
0 0.29982638520921007 0.03084365670749812 0.0722222295815799 0.05550566000954501
0 0.5685961994596951 0.23483391207826912 0.113105179126093 0.1528170120146357
0 0.4541492643431523 0.3116589467297698 0.1069990228654909 0.11213746801399935
0 0.8941740967346228 0.0877798354550853 0.1562896947351895 0.0924067706874536