0 0.60234375 0.7316923368969565 0.5640625 0.5179750424907879
0 0.90625 0.583787068158845 0.1875 0.32264319279472176
0 0.775 0.5657310531151503 0.1359375 0.15708037727617316
0 0.5359375 0.4594058114284204 0.11875 0.1284552721033238
0 0.4203125 0.46667640531849874 0.1203125 0.11912573620994635
0 0.88359375 0.3844462977048738 0.1140625 0.11269387978345576
0 0.75390625 0.34993856855455635 0.103125 0.107688131037097
0 0.628125 0.3426609291376822 0.128125 0.12716555674305985
0 0.74296875 0.2854130673009151 0.0828125 0.08209709765100204
0 0.49453125 0.3637356102539214 0.1109375 0.11260295157021041
0 0.2125 0.4110043814993154 0.209375 0.21390469028743925
0 0.5 0.2885764858807421 0.0921875 0.08861988229073817
0 0.5375 0.23514159732179768 0.1140625 0.13613137978345566
0 0.3109375 0.27376514278208647 0.3171875 0.24985421364440424
0 0.4390625 0.1653495860390266 0.1671875 0.13767715940862688
0 0.14609375 0.3113741060307793 0.065625 0.0769094924781526
0 0.1375 0.370999158617204 0.0703125 0.06923338479802066
0 0.96953125 0.3421020218406263 0.0609375 0.10177310015828453
0 0.1046875 0.21023515485628036 0.1515625 0.17159751834240006
0 0.27109375 0.09556490109535667 0.2546875 0.19112980219071335
0 0.3125 0.15028217867546376 0.184375 0.13661476458147637
0 0.21953125 0.18892479301951332 0.1265625 0.12712009263643714
0 0.2375 0.7548082057933525 0.475 0.4747585884132951
0 0.0796875 0.4812750805622432 0.159375 0.3468248388755136