0 0.025180615748430453 0.6794991576046542 0.050361231496860906 0.28000051779449714
0 0.3322773558047229 0.7851510024342769 0.4208455351605768 0.414545250037181
0 0.751848178599112 0.7431200809522772 0.42521166255075793 0.4583589170333754
0 0.5010003840254695 0.4260731382901013 0.10923290252860873 0.09951452174882984
0 0.3809184215023983 0.4395374134989722 0.10500647748246603 0.08219968775644108
0 0.27107065700442873 0.34193685471545443 0.07612001387966068 0.09349001482874755
0 0.13968095466039032 0.37378371539958893 0.07521884793281677 0.07942751482874763
0 0.0280587415190102 0.4381884080989458 0.0561174830380204 0.09862318380210837
0 0.4153213047526754 0.3282669910655704 0.0804675524363235 0.06405718281352524
0 0.7119459808785521 0.320076511788636 0.168747604872647 0.12843270060802237
0 0.4073271344868948 0.2584638270351255 0.05839229333702498 0.06004084486680368
0 0.4599385996308597 0.11839990114168256 0.14563147748246602 0.08385502965749522
0 0.7722605220561085 0.2178800004199295 0.06590440468807693 0.05567167984777566
0 0.6853891826042817 0.10220060368969017 0.09246690468807692 0.056754018783080354
0 0.5845800493540045 0.21617687346135367 0.23074695712440044 0.12316688045579802
0 0.823620367829457 0.09734732452648653 0.13110790252860838 0.10040585969555131
0 0.14443710826873307 0.2995649653995889 0.0693297933370249 0.060486513840164416
0 0.3558437800756731 0.21069217190192924 0.07874436613141408 0.0858048488211364