0 0.5312576071514066 0.7729882259309578 0.5050538421742188 0.44791462006681504
0 0.20301293520636735 0.7189756246419556 0.3792020475053528 0.5245487507160886
0 0.10551318025830943 0.29574775732018244 0.19695653417751768 0.32718176002545335
0 0.2909422148980455 0.3029682692950472 0.22499530298213619 0.1635010680299077
0 0.46063625244077555 0.44088479793923 0.14127352084968264 0.13128745735199915
0 0.5894659460934271 0.46361267858850363 0.09119931301126609 0.07447383601209037
0 0.5663346714828208 0.3669740359245944 0.13209709765100203 0.08432155068427187
0 0.5934450892712249 0.30491893125400366 0.12009720282385157 0.10136360001590834
0 0.40587924162022276 0.22426091927913885 0.31281355172849495 0.1754567227084526
0 0.20162834765100213 0.08049437997295579 0.20087584138279588 0.13979084802672603
0 0.3502393438900784 0.11158874395291125 0.12046091567683312 0.11386360001590834
0 0.44952629005001243 0.11277797927277551 0.16941524122451135 0.07850790268936261
0 0.42137254631821863 0.061626748647364525 0.27399509263643723 0.12325349729472905
0 0.2576092261808166 0.2048853052991834 0.08444920783841656 0.057213610677908554
0 0.2327168747688908 0.15515802530236505 0.0561878155185485 0.05219884667409058
0 0.08133857970431344 0.08267559265595503 0.07137019780928666 0.1445317973424541
0 0.5764441427155795 0.1503768819223672 0.17444973370266403 0.14416926535645347
0 0.7110166856685858 0.39733260323841346 0.16002352084968266 0.1315056333545444
0 0.6573113609788372 0.2705706559118677 0.14430759263643722 0.12819882001909005
0 0.8995700629780125 0.7709502745465056 0.20085987404397515 0.33523061736154425
0 0.9355739275531713 0.5228758538749603 0.12885214489365743 0.09836586935072641
0 0.799349411453691 0.4517922892266412 0.11504598997087001 0.08880905601527189
0 0.823130240762293 0.38274229722314146 0.08454013605166182 0.06033861067790856
0 0.7787881735278848 0.6583513718969138 0.15777905925034225 0.10804995202099903
0 0.7380231180384662 0.5197161332352318 0.11402905925034226 0.10754087468172671
0 0.8623043333322231 0.9770190085535052 0.16171038981258548 0.028435177355180842