0 0.8049098405872309 0.6229626583914929 0.3816350920591791 0.45347618031251163
0 0.8211284706397285 0.23678971794478687 0.3574885200509069 0.39144706120592376
0 0.4768074006604094 0.06832639247083944 0.3088851986791813 0.10652409759985393
0 0.423390404638774 0.22529983043634613 0.1367749360279987 0.2125086162111037
0 0.5061194466104572 0.43785979652361534 0.11393632535009016 0.1286772717116218
0 0.48659619259232156 0.570616638541898 0.06033861067790856 0.08557793507002262
0 0.39734333593254856 0.5156508486333112 0.06549882535009015 0.1264212588913402
0 0.32849333859804863 0.5210425159206535 0.08719201201463563 0.11181510339082212
0 0.30904554662636546 0.3114299214211715 0.13159763470717997 0.30440501778268025
0 0.22961422732336406 0.08417175454811396 0.11264654535327186 0.15204199710451588
0 0.21552336063813765 0.22030830769126714 0.09967383068109026 0.11083480024766904
0 0.18548077729154738 0.3166182274598087 0.05348972135581716 0.16802656203449332
0 0.13287394529759256 0.26961264081820957 0.1062158267027256 0.27042812406898664
0 0.3365903859802736 0.16106820243841816 0.04623974801081765 0.08179796360606986
0 0.29641991931890976 0.12011356265366584 0.044331802673454226 0.052037688998963993
0 0.1815643419398664 0.45166531554914996 0.12214881468808994 0.1634161447471511
0 0.38309792791218583 0.6650686517764643 0.11108404535327185 0.15196922249741007
0 0.2739780139242762 0.5708755419755014 0.10928518801718105 0.1315839478903042
0 0.6820963125398241 0.9468922324222074 0.3124647320178173 0.10621553515558517
0 0.4347673265436421 0.9269907630251695 0.08105110001590835 0.1208990049623985
0 0.39795712253346066 0.9909910849867147 0.08319430800445433 0.018017830026570536
0 0.40689795989818656 0.7693580454901581 0.0746556493475449 0.1081079065339754
0 0.3334150065643229 0.7698438889561828 0.04934656667727229 0.08038101282028158
0 0.6173718358927777 0.8190263674494489 0.08608404535327185 0.15080482878371626
0 0.49486158390359536 0.7335896734880861 0.09491360534690862 0.10436647642635144
0 0.9326593865372785 0.9744843471855692 0.054215880012726814 0.05103130562886164