0 0.42897441270968734 0.2649462193053207 0.5170511745806253 0.5024238311328197
0 0.17410899401607635 0.3507607070582587 0.3482179880321527 0.5483964141165174
0 0.1136572308139581 0.740059082783205 0.2273144616279162 0.33447377884380136
0 0.28539710572024246 0.7173822898414637 0.22122430262104179 0.18989498465266016
0 0.4185940782691662 0.5764281709649947 0.14219011284152785 0.144912526144509
0 0.5320214518442704 0.5451091612167323 0.0924070119678472 0.08342965186945542
0 0.5260058815557981 0.6354381632913249 0.12710932028847227 0.10009693361304191
0 0.5591807510468397 0.6896054450349113 0.11966049620027785 0.11512993776222676
0 0.40134810762010353 0.7793872276036904 0.3014573164887501 0.21937084233097473
0 0.23746417952409646 0.9225334070559364 0.1972412887533334 0.15493318588812705
0 0.36755237623746456 0.88639424420043 0.12300370174736122 0.12474173610255299
0 0.4577779859448604 0.8767959464848039 0.15839568787965277 0.10402741701630233
0 0.4415522674799992 0.9216234864149028 0.2616310970739585 0.1567530271701944
0 0.2707332340449994 0.8094038464801594 0.08426720364722229 0.06877515601864026
0 0.25476208871840206 0.8567165543636108 0.05745013050895835 0.0558248701258691
0 0.1284885698167006 0.9326891957482466 0.0828151128415279 0.1346216085035067
0 0.5660457340449994 0.8317812896409709 0.17376742116215294 0.16134300954776962
0 0.6513702106779856 0.5956321473192852 0.15941398043270852 0.14777741701630234
0 0.6219528547703119 0.7162756114265137 0.14367987765916687 0.14190592531467222
0 0.7991063811745485 0.23351342346379433 0.2874701645126391 0.3555684514591813
0 0.8376194480445482 0.461828600228359 0.1274002610179167 0.1125969336130419
0 0.9347853887739926 0.4566693487784665 0.10396276101791671 0.11082094606059663
0 0.7239186643252079 0.5385193095617028 0.11311955547083344 0.10215634108157481
0 0.7553855634515273 0.5988181921351263 0.08274107123840295 0.07021925684847723
0 0.9648898096518053 0.5082560821817269 0.05152743882958362 0.06941377344521663
0 0.674267422493333 0.35162203819107846 0.15421733415618064 0.12554721950581324
0 0.6579494786297566 0.4810843952446927 0.11500936379145835 0.11633724025173783
0 0.6981829268617361 0.06386192906287172 0.15675914627652787 0.0337149170163024