0 0.21898129409796324 0.10436420657675653 0.29765400723608926 0.20714052770747776
0 0.18177454319345207 0.4841630225401913 0.36354908638690414 0.44729895491961746
0 0.2190311244919736 0.8257469009524041 0.4380622489839472 0.3455952138109577
0 0.49026323609364847 0.5640109185301966 0.11214587516934209 0.11744867328319834
0 0.47202224841812035 0.45107642494033734 0.09463082654882307 0.11039815260503386
0 0.5614266644060654 0.3214381207637269 0.10096935775648763 0.08263702564056316
0 0.5240229189286211 0.2023820597626909 0.08542624491161739 0.08347177956950462
0 0.4556181569428334 0.09490135360021915 0.10795634215265544 0.09699062406898658
0 0.5807830947546472 0.45770095244292736 0.07136374491161739 0.08281680810555195
0 0.6032977453659025 0.7418918618723869 0.1479881999091429 0.1767894400324213
0 0.6483357649264636 0.43273303164092847 0.06413109905006031 0.06377570967712849
0 0.7861699575995174 0.4496935916085071 0.09972111827193722 0.1480437018192456
0 0.7044165100652237 0.7753699878034002 0.06289614767057934 0.06995293507002245
0 0.8115882801916117 0.6636083883415195 0.0672494549975255 0.09353598428423418
0 0.6975501136378398 0.5941028711780116 0.15266241180407364 0.23623721463952715
0 0.823336928428018 0.7963288430562492 0.11469102103089916 0.1362714478903042
0 0.5679720720262674 0.002508454095557171 0.07968085594746518 0.005016908191114342
0 0.4768557490954889 0.014321403433603394 0.10878850180902226 0.02864280686720679
0 0.5956898790145294 0.1881333151393744 0.06930992198083885 0.07336903349844599
0 0.6920724768213942 0.37146589185617607 0.09167624491161738 0.08376287799792799