0 0.7023361236735758 0.8599268637612294 0.3156286904615193 0.22372301024099528
0 0.9826247990768833 0.8426435693193672 0.03475040184623346 0.09884629465362345
0 0.7846378769743462 0.44787564284159875 0.4307242460513077 0.4622380206231643
0 0.753125 0.12353839760916045 0.49375 0.2470767952183209
0 0.4261778719999686 0.31181340038117067 0.11477474025173784 0.11868835779368574
0 0.44195900519809206 0.4372306293344833 0.09555114357108571 0.11134629465362345
0 0.3415823421304819 0.5623509976515126 0.10279495850815117 0.0837673262236546
0 0.378327170764502 0.6951789082030914 0.08873245850815117 0.08294827886860787
0 0.44915100147311443 0.8220984529978892 0.1099921518694554 0.09663134727034191
0 0.3255285217948316 0.41262401343652827 0.07178175684847724 0.08507222099021768
0 0.3115196856876344 0.1034842318664972 0.15064230788809568 0.18144596302712274
0 0.25213856598597273 0.4278842633659411 0.06543666846619497 0.0629242052052021
0 0.10633989129600052 0.38850949217807945 0.10054721950581333 0.15674979991529536
0 0.20389551722143945 0.05011557913683924 0.06290366431701004 0.0705546946818584
0 0.08557341494170996 0.1558790027014231 0.06815984937994446 0.0988617052052021
0 0.20553256266198047 0.24776412386104996 0.14756577469461662 0.2434909367187635
0 0.07813757800932013 0.040723710537461134 0.10940015601864025 0.08144742107492227
0 0.32564449172485216 0.9422883976091605 0.08982136182749904 0.07678928413027997
0 0.42330074172485216 0.93660056875467 0.1185383576783142 0.08623987884037305
0 0.3009242211794204 0.6989024186558479 0.07095296265733611 0.07413472099021767
0 0.20405718611184165 0.48718293963194803 0.09365675684847723 0.08634629465362345