0 0.09140625 0.68359375 0.1765625 0.240625
0 0.10078125 0.9546875 0.0734375 0.090625
0 0.440625 0.8109375 0.340625 0.378125
0 0.81875 0.7921875 0.3625 0.409375
0 0.5734375 0.4859375 0.0890625 0.0828125
0 0.46875 0.49140625 0.0859375 0.0671875
0 0.36875 0.4 0.059375 0.078125
0 0.2546875 0.421875 0.0609375 0.065625
0 0.1453125 0.47265625 0.0703125 0.0828125
0 0.49453125 0.39609375 0.065625 0.0515625
0 0.75390625 0.403125 0.1390625 0.1046875
0 0.484375 0.33359375 0.046875 0.0484375
0 0.525 0.21328125 0.121875 0.065625
0 0.803125 0.31640625 0.053125 0.0453125
0 0.721875 0.2109375 0.0765625 0.0453125
0 0.63828125 0.30546875 0.19375 0.096875
0 0.84296875 0.21328125 0.1078125 0.08125
0 0.03984375 0.3609375 0.0796875 0.065625
0 0.040625 0.44296875 0.08125 0.0890625
0 0.25546875 0.35703125 0.05625 0.05
0 0.4375 0.2890625 0.0625 0.0703125