0 0.7698660004633362 0.5181712672263231 0.43920640997361726 0.4564896413908155
0 0.6819641740623157 0.8214149932368227 0.4837698871081265 0.3461157627307244
0 0.2965053344992691 0.9016506699554565 0.30035220798203355 0.19248059070654336
0 0.31293641026731744 0.7218449912874112 0.15698415389834955 0.20174540802036275
0 0.4509870256910796 0.5702995779360485 0.12155259618646852 0.12636360001590835
0 0.47932533521705933 0.45204901726609403 0.0700793762235353 0.08359429734245402
0 0.3873461663425853 0.46951887527850256 0.08065477767481415 0.11807838534372675
0 0.3328322811333752 0.4428205626193658 0.09589783175849824 0.10732269867918127
0 0.24797858757931196 0.6140512199634107 0.17059527531256152 0.27843517735518086
0 0.10414919810893268 0.7969011773154099 0.1311656983633867 0.17801700668363551
0 0.14170874021171714 0.6605818693109555 0.10527283175849819 0.10743178668045399
0 0.1488069667980722 0.569130165977092 0.07867561542376214 0.15085452267663585
0 0.09020329311427479 0.5924591253182735 0.14132443756361351 0.24529541335136287
0 0.22141110917885834 0.7486807586330471 0.05736112141421197 0.07719884667409058
0 0.17536199919739176 0.770301767305865 0.04867560217691826 0.05210794000636341
0 0.09960305264810362 0.9047227679821827 0.1285267932839108 0.057722688017181056
0 0.18948158521705924 0.455421654638774 0.1350347428284239 0.15463405068427197
0 0.4247147354872117 0.3386683172740482 0.12220736061443879 0.14511360001590834
0 0.30521820182194775 0.38379100795672927 0.12009922359113023 0.1294704186823629
0 0.7837152571715762 0.1439434265595504 0.31470737386128267 0.2457510413749072
0 0.5536830167902229 0.13412517325750348 0.0931002139724832 0.11666133601209036
0 0.556284716334736 0.040768261298547055 0.09368056733052796 0.08153652259709411
0 0.47984123430608533 0.25837174260027573 0.08485120435383635 0.1040704293443632
0 0.41896822169221365 0.23487115527532082 0.05881449400955017 0.07409202800763603
0 0.5008804537208643 0.016794959301410558 0.06386409255827133 0.033589918602821116
0 0.66870283766413 0.28428771057450425 0.10173116950744614 0.14018974267981754
0 0.5394865636175128 0.3170285799252307 0.10042164065150558 0.10268974267981754
0 0.9739558220550333 0.21982303186668797 0.04128474282842376 0.15354317067154524