0 0.7508134109002896 0.5806657313283955 0.47218260108060994 0.469525519133823
0 0.7958853857573642 0.2208219992085772 0.4051042284852716 0.4416439984171544
0 0.5031497926509386 0.06124607389832569 0.3062004146981227 0.12249214779665138
0 0.42625493203649995 0.19753996041220598 0.1540228450053421 0.208961126022532
0 0.47323159184048114 0.39440894873372345 0.12155259618646852 0.1284098079967011
0 0.4385887186121707 0.5148267488128658 0.0700793762235353 0.0847674565847754
0 0.36396323004491615 0.4615857400373772 0.07920140507947586 0.12249477711788863
0 0.29990073004491613 0.4634497684089071 0.09438989546082902 0.11044941818411544
0 0.31132684728277676 0.27034462608903903 0.16779765752654666 0.29052937476889074
0 0.2716815378416152 0.06802492280296903 0.13141866950744613 0.13604984560593805
0 0.23784719646447017 0.1842911173135504 0.105327395460829 0.11076766693047428
0 0.19737347468743854 0.27053850587249473 0.07727680653075471 0.1567788489046434
0 0.15604163575736418 0.22491376880461847 0.13685519237293695 0.25372805674305987
0 0.355835793832065 0.13559154137016066 0.05429068511654282 0.0796253155185485
0 0.32444195009266724 0.09592128760923697 0.04867560217691826 0.05292642319868044
0 0.17590272405446633 0.39369486104534424 0.1350893065307547 0.15846102084968247
0 0.3311457516444625 0.5967790939565853 0.12382442431676957 0.14876777210332365
0 0.24535707378431387 0.5056205480340783 0.11853672359113014 0.13144387978345584
0 0.5572518615411111 0.8937975318032493 0.31872026206571746 0.18721782132453627
0 0.34375484593201444 0.8391340785171792 0.09159227767481415 0.11973348997087001
0 0.2927702100898323 0.935833233769171 0.0958432680561673 0.10736988229073816
0 0.33948155209994946 0.6933131131569154 0.08334326805616729 0.10700616943775679
0 0.27167649320694204 0.690603301795002 0.05736112141421188 0.07815374373179385
0 0.22862586453633593 0.940041012140701 0.06651786660488854 0.07217652837152996
0 0.5248808495602115 0.7480136703621936 0.10027779691210785 0.1449608105039836
0 0.4240301668907394 0.6635370334526018 0.09885914065150558 0.10433581050398359
0 0.8231298326851706 0.9235231695707707 0.1485863221398514 0.0979781619159091