0 0.6619420477156261 0.14443333426758112 0.29799090456874777 0.2029008278894854
0 0.9334860836083976 0.13987247745953849 0.06456125269929203 0.09378169303247778
0 0.7656525852587827 0.5082084050300649 0.43317507843352737 0.4499667597120755
0 0.7283945806853905 0.8392847380412063 0.4475443091374956 0.32143052391758753
0 0.43470747073199123 0.6431265704726197 0.10973204274124874 0.1161029742462448
0 0.4434098097389735 0.5282828204726197 0.09207094606059663 0.10844997091226496
0 0.3466550541398961 0.4150497547111057 0.09955155933798814 0.0842152454580722
0 0.37325528816785647 0.29223400804508565 0.0853706601678251 0.08150483363936134
0 0.43098712302565384 0.17353167653175622 0.10518625269929238 0.09709788273097572
0 0.3385204775804685 0.5535223233475575 0.06998245850815117 0.08335437606301603
0 0.3397464777809612 0.8381842368332583 0.14380031203728053 0.17633884364130098
0 0.27030327384620206 0.540879060011638 0.06375576929603195 0.06265923879011233
0 0.1383303008159038 0.581201557885606 0.09839272365499822 0.15089256242753385
0 0.24390025889984773 0.889316560011638 0.061104365976683984 0.06865414727484306
0 0.12992211450356952 0.7959017866737789 0.06768625269929238 0.09403678454774678
0 0.235581963883514 0.7086246694047545 0.14806268216314944 0.23258884364130097
0 0.12995523545463097 0.9303245840984034 0.112952131123531 0.13810552000387943
0 0.31315027282051683 0.0687967659209934 0.08454186597668398 0.0705673336393613
0 0.4025087707459244 0.07216062410616192 0.11025226099766208 0.08198306576151386
0 0.30180634065736744 0.2911181760727143 0.06602866431701004 0.07216178454774695
0 0.22241114812125584 0.48823255000969834 0.09029495850815117 0.08501247091226496