0 0.38828125 0.77578125 0.43125 0.43125
0 0.74765625 0.81484375 0.4390625 0.3703125
0 0.9234375 0.52890625 0.153125 0.2890625
0 0.771875 0.45625 0.19375 0.1390625
0 0.58046875 0.50546875 0.11875 0.1109375
0 0.465625 0.4734375 0.078125 0.0625
0 0.52109375 0.4015625 0.1140625 0.0703125
0 0.521875 0.33984375 0.1015625 0.0859375
0 0.70703125 0.346875 0.271875 0.146875
0 0.92109375 0.30625 0.1578125 0.11875
0 0.79375 0.275 0.1015625 0.096875
0 0.7125 0.2375 0.1484375 0.065625
0 0.7578125 0.196875 0.2390625 0.11875
0 0.83515625 0.3875 0.0734375 0.0484375
0 0.875 0.35703125 0.0484375 0.04375
0 0.59453125 0.21875 0.1484375 0.121875
0 0.39140625 0.371875 0.1375 0.1109375
0 0.4828125 0.2875 0.121875 0.109375
0 0.0890625 0.5953125 0.178125 0.296875
0 0.1578125 0.3875 0.1109375 0.0828125
0 0.06640625 0.340625 0.0984375 0.0875
0 0.2984375 0.38125 0.0984375 0.075
0 0.30390625 0.31640625 0.071875 0.0515625
0 0.06484375 0.27890625 0.065625 0.0609375
0 0.2375 0.5609375 0.1359375 0.0890625
0 0.32265625 0.4625 0.096875 0.090625
0 0.04921875 0.85078125 0.0984375 0.1390625