0 0.4484375 0.79296875 0.3640625 0.3640625
0 0.8171875 0.80234375 0.365625 0.3953125
0 0.93515625 0.43671875 0.1296875 0.2671875
0 0.75703125 0.40078125 0.175 0.10625
0 0.5796875 0.48828125 0.103125 0.0921875
0 0.4609375 0.48125 0.0703125 0.0484375
0 0.5 0.39921875 0.10625 0.05
0 0.48828125 0.3390625 0.090625 0.0703125
0 0.6703125 0.30703125 0.2578125 0.0953125
0 0.87890625 0.221875 0.1578125 0.0875
0 0.740625 0.21875 0.0875 0.08125
0 0.653125 0.19921875 0.14375 0.0359375
0 0.6890625 0.15 0.2296875 0.0734375
0 0.8046875 0.3203125 0.0671875 0.0359375
0 0.83671875 0.28203125 0.0421875 0.0359375
0 0.984375 0.24921875 0.03125 0.1234375
0 0.534375 0.20546875 0.13125 0.096875
0 0.3671875 0.396875 0.1234375 0.0875
0 0.4390625 0.2953125 0.10625 0.0890625
0 0.0953125 0.68359375 0.175 0.265625
0 0.1421875 0.4609375 0.1 0.0640625
0 0.04296875 0.434375 0.0859375 0.071875
0 0.278125 0.42578125 0.0890625 0.059375
0 0.2703125 0.3609375 0.065625 0.0390625
0 0.028125 0.37421875 0.05625 0.05
0 0.25625 0.6140625 0.125 0.065625
0 0.31875 0.5 0.0828125 0.0765625
0 0.10859375 0.9421875 0.128125 0.115625