0 0.3123151167647682 0.6996276114032918 0.5611418734086329 0.5967192054078737
0 0.09992201539622438 0.456118100205137 0.19264422270845263 0.32213879958972597
0 0.22528564206713328 0.4778961665920951 0.1361022266868172 0.15861982863402008
0 0.4742771253978152 0.43948024895109283 0.11860564401654479 0.13075493776222674
0 0.5747771120703149 0.4748714520606592 0.1184965560152719 0.12137993776222693
0 0.1863124067074981 0.2869285470909262 0.11375451201463571 0.11633724025173775
0 0.3145464947087708 0.28659481513755825 0.10119996801399936 0.1107025468904335
0 0.4290089840467706 0.3123266757156575 0.12641814401654478 0.1313469336130419
0 0.3459595793682257 0.23104263214921622 0.08215906667727228 0.08428175684847723
0 0.5421998747214974 0.36317693546391977 0.11062951201463563 0.1161004419114117
0 0.7796555160725421 0.4757674107693031 0.2054885733609078 0.21851689212119324
0 0.5617214867122706 0.29366899625180043 0.08846361067790873 0.08944285352912935
0 0.5469680960375437 0.23535958878326765 0.11557155068427197 0.13833063942190077
0 0.7364674953850885 0.32577998877862324 0.3074874253659985 0.2637128381817897
0 0.6575510600334076 0.19648449770169296 0.16404541335136286 0.1451260136969545
0 0.871061218730088 0.40159435972968466 0.0664613413430903 0.07684776514684692
0 0.8592066560709511 0.4580103030909889 0.06795111600890849 0.07071616431700996
0 0.10190049669795312 0.22295040269464797 0.1105567866804539 0.10985044191141169
0 0.933049952020999 0.3239653445828377 0.13390009595800195 0.18073162697434605
0 0.833150496697953 0.16753959105835275 0.24918402936027134 0.21714456888575775
0 0.7750476427036801 0.21416705993946614 0.17965223201781733 0.14474750539858477
0 0.8461055773790435 0.2729015972821301 0.12485564401654443 0.13122853444287888
0 0.6773594087762221 0.7564156047553072 0.5466782893857249 0.42702201204656925
0 0.8933976533656803 0.5770437230070764 0.21320469326863928 0.3525133838228234