0 0.7647530576345029 0.6086220847306496 0.4515115016215578 0.3047214965131474
0 0.34284682995563714 0.6026309651740285 0.3493296185055305 0.17097263016055492
0 0.18219174797470042 0.5558420224786115 0.2659716477265238 0.1324774752123144
0 0.10808782062014632 0.4663782727614354 0.15893071509696394 0.07786930471268487
0 0.007818633930101383 0.4653809922243056 0.015637267860202766 0.0411130155513888
0 0.4249849943212524 0.4105713128176861 0.3218591834403387 0.20601201149888837
0 0.3735879099046837 0.2715374985858804 0.39869441882984213 0.22833536230009183
0 0.5649277504070371 0.12452792313801035 0.1558875357138149 0.08228340263916634
0 0.49412037256601565 0.11434157031055651 0.15435230925276536 0.08370920160240711
0 0.6710453368522007 0.16750765212000132 0.15991256249917624 0.13411930471268488
0 0.7572225702131092 0.23563364406148296 0.3054705243497292 0.1608950011312958
0 0.7859458137202875 0.33296797384467747 0.41653648376465036 0.26733907370444354