0 0.7755890241459257 0.7038269929980598 0.4025997124710205 0.23093755298737584
0 0.359588633841477 0.5641220752198942 0.3868871877564411 0.11336810707105975
0 0.19403657110362646 0.4605456635169964 0.2938083498097196 0.08827384863353913
0 0.1317514298105946 0.3378869243167696 0.17684634288963735 0.05142363466105593
0 0.014518803346310375 0.30383432813030115 0.02903760669262075 0.03891865626060227
0 0.4885452578714844 0.3753820121505356 0.34986203163466173 0.16200401451278826
0 0.46029687695857585 0.2046230788480913 0.43599053262324466 0.16969251814098535
0 0.698474650684572 0.10028035234655426 0.1740396778706092 0.05912700725639412
0 0.6231536571103626 0.06713798093234233 0.16941584486680378 0.06052581614940156
0 0.8046981343729497 0.18144356150971416 0.16702035672980173 0.11661212504240899
0 0.8529353631184116 0.28405269553779783 0.2712621877564409 0.10933039309857637
0 0.8301915884038321 0.400612712960993 0.3140810405319101 0.2028819856568477