0 0.8697471667925878 0.571133667864717 0.19692531203728053 0.17959610207923687
0 0.59252550642427 0.3411213234591499 0.24844119046151913 0.22389147635429066
0 0.8021373047645961 0.3538618122609951 0.28430875809787715 0.2871969597575511
0 0.632931483179546 0.678906588605997 0.2366982070582587 0.19193108133331246
0 0.40843669418649675 0.20931152594401645 0.10483105518880328 0.09183414772027057
0 0.4082213614032918 0.33658442096499464 0.0647262734452168 0.054617567636358014
0 0.40688308173429777 0.3749840701351576 0.06557837842423861 0.04536096680652095
0 0.37690511950116895 0.06548974834961482 0.13368976099766208 0.08314623195336797
0 0.8753315481166115 0.7255610587365101 0.1250018452307593 0.11200493776222693
0 0.2512275068252553 0.8841320819580123 0.11117614357108563 0.1140643452307593
0 0.257632717407999 0.8099725315430939 0.0857258576783142 0.0857258576783142
0 0.45614291761778036 0.7307264298880642 0.1554715178461393 0.16558022365499808