0 0.6346903386128161 0.9473015434185651 0.1319439849563052 0.10539691316286977
0 0.3526316595416409 0.7884029172311404 0.11484741316955054 0.1401889880142125
0 0.24914191284034617 0.4997354856393632 0.1439726235152496 0.17603795680654793
0 0.1996323431651626 0.6684954517181653 0.19286476458147642 0.1942014586155702
0 0.5057292304704657 0.6360259469684669 0.11731919530200408 0.17152087516934209
0 0.19821121331519986 0.3139750480546921 0.056778848904643284 0.0747410504295413
0 0.2987735029695009 0.353672713138126 0.034085494985435005 0.04546963025772479
0 0.3305319683297648 0.3647263998182859 0.024846887305303156 0.049665807326946254
0 0.08058945579335247 0.24208568068726607 0.07147784639736085 0.09735303482570909
0 0.4723842183962718 0.8408429217536962 0.07120506175762494 0.08797803482570891
0 0.7786739516367174 0.3983842633405247 0.0770913489046432 0.07580558344622812
0 0.7181456285963215 0.38112816429046437 0.05627874373179385 0.057553550429541286
0 0.5977385372135255 0.5125275712332978 0.11219377461060631 0.10260710085908258