0 0.0750564829297819 0.6630960637169923 0.1430601744716433 0.15248189204448082
0 0.23063535900043153 0.37828250730360063 0.1554874515990063 0.14020008035608367
0 0.5164506600337038 0.2699786781620377 0.19787493949875792 0.17531146590774283
0 0.3440534852674729 0.22243370210802516 0.22161242134838535 0.22728306899199796
0 0.3899280248878679 0.5295155450460105 0.18833631303532491 0.14702282467404082
0 0.7003671177810302 0.21771456898870264 0.08165906615858276 0.07173072402541765
0 0.665401244440855 0.3186770511317952 0.05024543969514959 0.04306025324641087
0 0.6566211420797229 0.3505582966675683 0.0533158975406721 0.03373980032431154
0 0.7666966206097007 0.09776630762461694 0.10674087939029916 0.08622960064862313
0 0.1838371061717612 0.4985716879045656 0.09892837939029935 0.08609323295387128
0 0.6430610734852532 0.801148631894916 0.08645565046753827 0.09056254464226896
0 0.6574780974893584 0.740456593745469 0.06600679508134402 0.06677048863591431
0 0.5190928292407898 0.6216229987788887 0.11793290944452864 0.13017051542127547