0 0.09852316141963685 0.5375 0.1328010643661735 0.15625
0 0.2947979558358692 0.30546875 0.16942697921687966 0.14375
0 0.5950657536062962 0.27578125 0.2142367346647614 0.18125
0 0.4364395165957465 0.1859375 0.24596733590559855 0.2328125
0 0.42029997243161565 0.49140625 0.20445754307885 0.153125
0 0.7862534823189727 0.27265625 0.08951025025210146 0.0734375
0 0.7314892086858608 0.3609375 0.054731058666190255 0.0453125
0 0.7162137699499411 0.38828125 0.05720049480421992 0.0359375
0 0.8747371920901144 0.175 0.11414961733238052 0.090625
0 0.22393878863937458 0.409375 0.10779035668871888 0.0890625
0 0.6125028059914257 0.815625 0.09718063861970413 0.09375
0 0.6384208137850959 0.76171875 0.07188570767745457 0.0671875
0 0.5279864223154002 0.6125 0.13428715471124733 0.1328125