0 0.61328125 0.9359375 0.1359375 0.128125
0 0.346875 0.75390625 0.121875 0.140625
0 0.265625 0.4625 0.1515625 0.178125
0 0.20390625 0.62734375 0.2 0.196875
0 0.51015625 0.61171875 0.125 0.1734375
0 0.2296875 0.2765625 0.0609375 0.0734375
0 0.3265625 0.3203125 0.0375 0.0453125
0 0.35625 0.3328125 0.028125 0.05
0 0.11796875 0.19921875 0.075 0.096875
0 0.46171875 0.81171875 0.075 0.0890625
0 0.7984375 0.38984375 0.08125 0.078125
0 0.73984375 0.36953125 0.0578125 0.0578125
0 0.6109375 0.49375 0.115625 0.1046875