0 0.659375 0.928125 0.1265625 0.13125
0 0.37421875 0.76875 0.1109375 0.1328125
0 0.26328125 0.4875 0.1375 0.16875
0 0.21875 0.6578125 0.1859375 0.1828125
0 0.521875 0.609375 0.1109375 0.165625
0 0.20703125 0.30625 0.0546875 0.0703125
0 0.30859375 0.33984375 0.0328125 0.04375
0 0.33984375 0.34921875 0.0234375 0.0484375
0 0.08828125 0.240625 0.0671875 0.09375
0 0.49453125 0.8140625 0.06875 0.084375
0 0.7859375 0.359375 0.075 0.071875
0 0.725 0.3453125 0.0546875 0.0546875
0 0.609375 0.48203125 0.109375 0.096875