0 0.8800205747175689 0.8329656162098965 0.2399588505648623 0.3030896803253757
0 0.6305505561268046 0.5401139991162373 0.23042554260166598 0.3667794756031114
0 0.4981591382190732 0.43705211074894745 0.12782963996249955 0.2115738251355733
0 0.42711461489199004 0.40150043012898406 0.052616443543888634 0.06589771077238851
0 0.44326942078245335 0.18451746320827545 0.10986159849212936 0.14900110226293628
0 0.607958054429861 0.08552649306611301 0.20029110885972196 0.1651442527304745
0 0.30880552935935135 0.27197149053203024 0.049413531102777686 0.04713862041330889
0 0.30509335193249926 0.38126922247985345 0.03710902073518518 0.03144998789975162
0 0.6774110344966647 0.9581837134537651 0.13408105702175915 0.0836325730924699
0 0.5134190106039338 0.7721265475172309 0.04812443317629622 0.050254530054229286
0 0.5670511500007855 0.831783348648699 0.06906164976444415 0.0753636143631848