0 0.1417104283194324 0.8708775802314583 0.2834208566388648 0.2582448395370832
0 0.3705056237678062 0.5528790208830522 0.2470968512273446 0.41465762117350236
0 0.49526599195491433 0.4175301798982268 0.13800940940281486 0.24146837014004524
0 0.5667262748356713 0.36831573800377876 0.057684696366457545 0.0774015620344933
0 0.5011642740867652 0.13391715922006245 0.12133235030926066 0.17064644789030411
0 0.2928892595428977 0.08186869995721877 0.2066960233378592 0.12948210049533804
0 0.6707435793872975 0.20847416521591847 0.054081464244305266 0.052328787427387446
0 0.6987414204435246 0.3266270057864591 0.04043355242559432 0.03768409057054054
0 0.41103644723605 0.9848245719592906 0.1415814642443051 0.030350856081418697
0 0.5529202846684331 0.7872305578961549 0.053029147274843424 0.05850601282028158
0 0.5061093154231582 0.8611196681114027 0.07550992515463051 0.08601458271265798