0 0.8685950282669884 0.827045330792914 0.2628099434660232 0.34590933841417204
0 0.6116058011069099 0.5080918394753169 0.24399117593756775 0.3934874213483853
0 0.4745418130926975 0.39639074931262896 0.1369555246489437 0.2288522287263694
0 0.39987932779201857 0.3576867976154267 0.056891809135968606 0.07218407220870704
0 0.425341915987945 0.12821746623333755 0.11797315128862404 0.16469882513557327
0 0.5942313568519765 0.05734695091163531 0.188462713703953 0.10887607201231528
0 0.27787045171816527 0.22029990622307483 0.05113977611928178 0.051844301131468117
0 0.26994948835289667 0.3374055929913583 0.0393834045679843 0.03615566861791084
0 0.6475255274740188 0.9530942255049155 0.14726450361804452 0.09381154899016905
0 0.4777099151949756 0.7548935957218328 0.049741050429541286 0.05496021077238851
0 0.5333700949777305 0.818479372751 0.07457063206674697 0.08165906615858276