0 0.7649511793534841 0.4522230676958623 0.47009764129303183 0.6026655995482422
0 0.619358789543327 0.2231285599445289 0.13675985376405234 0.10461044724210718
0 0.7320259328135251 0.11901645456991758 0.17814885771838487 0.12572658404557524
0 0.5697686719391102 0.05812591524855306 0.13328734387822044 0.05764444198043532
0 0.4908119782883512 0.3200806127024217 0.26427204152049344 0.2117998629141833
0 0.4351602030794803 0.19759169169808663 0.1686756986308559 0.16102704721387232
0 0.2096110578321157 0.28577641823232486 0.20400570357377185 0.186466662970653
0 0.3204795736494465 0.3670557812876824 0.20390754448624282 0.2223131577089811
0 0.4958694817855734 0.7072734446818585 0.7272547915576743 0.5854531106362831
0 0.10165527228030247 0.5055135236069361 0.16943970258518867 0.17977704721387228
0 0.08345707612090443 0.36494173151356135 0.13356586958138306 0.17924642619541978
0 0.11878312798434006 0.21813462094786534 0.1737107085166877 0.208084057737216