0 0.2819055663764783 0.5113099325317334 0.5638111327529566 0.6555051349365332
0 0.4337679992750842 0.7407521420507733 0.138938131037097 0.11263067599857095
0 0.30156560154493983 0.8630473951528664 0.185523626022532 0.15954923466476104
0 0.4535168949601645 0.9194727217521855 0.1464778463973609 0.10380197921687966
0 0.5747770956724451 0.6373325750867098 0.270200154394062 0.2294025487788332
0 0.6126598774091873 0.7555309180296738 0.17177937476889085 0.1695033888718056
0 0.849489939166812 0.6547668214804137 0.20853522868809904 0.20014138367602552
0 0.7502915727111914 0.5806187633184263 0.21266043903379792 0.23473490496334898
0 0.6259186761681813 0.2810646936795982 0.7387876476636374 0.5621293873591964
0 0.9451220025737894 0.4227577147916947 0.08593280298213628 0.16661905347041017
0 0.9504279650310595 0.5619459009297243 0.06709187476889085 0.1621829257464693
0 0.8954412851684616 0.7100281218487308 0.10701819279472176 0.19460194183801285