0 0.8020873233256951 0.86002216509339 0.28241637575930556 0.19570772532260178
0 0.8375124109972575 0.671801923496347 0.29760627108590293 0.24471822828835138
0 0.5509754989531602 0.6679315296946763 0.2639209488975697 0.2058812213682689
0 0.5397893047083342 0.9451718730414242 0.2857219072944446 0.1096562539171515
0 0.9477011093261462 0.9561080089344296 0.10459778134770766 0.0877839821311408
0 0.8653607348011114 0.4598576804164294 0.2420810100679862 0.1394285504177418
0 0.6091652861878822 0.4517600430405492 0.20726959897381966 0.1192778765014653
0 0.5879819236306949 0.5141181215957304 0.21050370174736113 0.12409271049385406
0 0.3838548552420836 0.3621869125847511 0.2255117591180557 0.16529071345960364
0 0.32569882275701423 0.44567323323126706 0.17420252583555565 0.10700336958138301
0 0.2148502821038197 0.3443733769957569 0.13655705547083344 0.09922536167271767
0 0.6030399599154863 0.32272645904816033 0.1506922906531946 0.10292336463846716
0 0.7203735834905907 0.36731340026464254 0.2348854526972918 0.0985488824329643
0 0.7679557918874655 0.29900641064476585 0.11250130642076392 0.07170785672980182
0 0.8682278956109377 0.28123793189930407 0.10134560087368065 0.06188718775644109
0 0.9388836014908162 0.3536978637242461 0.12223279701836773 0.06296952669174569
0 0.951502122767344 0.4213946996938012 0.09699575446531199 0.10888952174882985
0 0.6500591238594446 0.26376263593018645 0.11355466014423624 0.04989652372599611
0 0.4937721030578821 0.22227151980884452 0.19131729065319458 0.10457870653952135
0 0.3267846248093752 0.22405290121604465 0.1298706443766667 0.08022069368794008
0 0.20776317429628496 0.2746192925090765 0.20225479065319457 0.10502437551288209
0 0.14855117524621547 0.24566928015178685 0.18266964247680567 0.13544670456235508
0 0.23412369291364596 0.16642213193867275 0.12841724715020844 0.08484452669174573
0 0.35819697254892374 0.16523365813612687 0.15025587955902786 0.08417336463846721
0 0.4726224952503474 0.15194443235641464 0.09792966014423606 0.049259853764052286
0 0.5977504350298612 0.19606845855386879 0.10617857123840295 0.06832818874502422
0 0.5629383707253126 0.14235586813568935 0.08197735182361114 0.034560683802108375
0 0.6484959706490626 0.2301370524320893 0.10261716014423605 0.04945085475263546
0 0.7332339933504863 0.21563815372468365 0.05054551386770836 0.025474843878220542
0 0.9547271336430903 0.2082726171842872 0.07431032218833308 0.04049234882113639
0 0.845914524885625 0.16091084444687423 0.050872822188333444 0.03953734387822054
0 0.7901912017473613 0.14771316608197332 0.060320557370694416 0.0430443458553869
0 0.7247292026972917 0.11850848573990606 0.053852351823611144 0.0334146778706093
0 0.6329047253987153 0.09681521646253416 0.07103985182361114 0.03411501482874761
0 0.5497649170780903 0.07937836566423143 0.08837282218833345 0.04106535178688593
0 0.49128092306201393 0.11524026980884453 0.06649782218833344 0.04017401384016441
0 0.44366038744281255 0.0812990099230128 0.0679875870059723 0.03711268083635884
0 0.39320579255305554 0.05973041604479227 0.06635235182361114 0.033924013840164434
0 0.3980017421162153 0.031047000531472635 0.05061824905006942 0.02859984387822052
0 0.4495096907294444 0.030804261405887556 0.08804551386770836 0.02700285178688593
0 0.3677888716752431 0.10786682710948761 0.1231478656913195 0.059653525703162555
0 0.2327235406531945 0.10626588193867274 0.1058148953265972 0.05270318874502422
0 0.09802123233256951 0.08672802026595508 0.1385910277354167 0.052477695665106475
0 0.2554336888295834 0.07597088688158862 0.1278353656913195 0.05984452669174569
0 0.28606543977951393 0.050681726805476446 0.0820500870059723 0.03768568380210837
0 0.04493455955489599 0.18681159190105417 0.08277743882958338 0.06893568380210838
0 0.10376927137024342 0.4342887697716635 0.190373039703264 0.13107753954332696