0 0.6601686628840242 0.08266042115361638 0.3328373257680484 0.16532084230723276
0 0.741088824586922 0.23807506604727385 0.35707841233587007 0.30228053167023516
0 0.43000748084752427 0.28779288737181014 0.3164335649682751 0.2558314290046681
0 0.3575049651536097 0.03300506512283707 0.3118849303072194 0.06601013024567413
0 0.8216295295737307 0.4617422350893192 0.28412700725639406 0.1799676109788372
0 0.5449504676854984 0.5112410960681565 0.24112105172143145 0.1553025801000249
0 0.5059400421876025 0.44668450257378944 0.245917679126093 0.1585639724198929
0 0.32043659572313227 0.6436828376883792 0.2663045901960187 0.20598454169936495
0 0.2386111876484315 0.5623850250728246 0.20458335099579195 0.13706940564770315
0 0.14138650198373456 0.6895589420032989 0.1620139050794759 0.12490437476889085
0 0.5670214190441101 0.6505847408953069 0.17624009618646852 0.13000105172849494
0 0.6851240890997102 0.5838027546853606 0.26686509618646853 0.1326379699126104
0 0.7523140782999371 0.6491034942605193 0.13274306733052796 0.09127352084968265
0 0.8665948331092606 0.6520346144770636 0.11824405771188111 0.07836434389007838
0 0.9274355523544034 0.5584460873591748 0.14512889529119305 0.09071123119538153
0 0.9311855457309814 0.4840682129859955 0.1376289085380371 0.13883048244902269
0 0.6331027760303517 0.706533212523777 0.13354167549789597 0.06944398495630537
0 0.4728398878259167 0.7753239796125359 0.22333335099579193 0.1376149749271754
0 0.28992818410505244 0.800197262140701 0.1519295769491748 0.10431909012915455
0 0.15965784154678106 0.7648855509370721 0.21390378729346105 0.13577969028743944
0 0.12885427484922532 0.800973815122837 0.14753474282842385 0.15726223370266404
0 0.2042387099657681 0.8769847341648823 0.15203870435383654 0.10744409012915454
0 0.33890388664479043 0.8589895889420205 0.1724057680561674 0.10959762351524951
0 0.46624763664479046 0.855284264252272 0.11462798439090349 0.06421091567683312
0 0.5913542748492253 0.7875164395625235 0.12325893992586608 0.08787573620994653
0 0.5661930729424596 0.8508120614284204 0.09371528366526398 0.046432382290738164
0 0.6398264911839614 0.7423115881505977 0.11937004809323426 0.0659098079967011
0 0.7345214322909539 0.7442485096999254 0.05734127404661713 0.03288670783841656
0 0.9664695424616795 0.7176475911200986 0.06706091507664098 0.05406302586424747
0 0.8704787796585489 0.7856510965303749 0.05944941106992587 0.04855717194503928
0 0.8118403896400153 0.8084724825820366 0.07216766587924894 0.05517088479802083
0 0.7476340459006175 0.8510069750601893 0.06230159255827132 0.04083560015828454
0 0.654275915500731 0.8873513035108616 0.08272321996293322 0.0445516335443795
0 0.5678126258450172 0.9195847934817316 0.10185516587924912 0.05603470282385174
0 0.4948736336495655 0.8912073923863751 0.07830853847458741 0.05222774122451135
0 0.4518428854636641 0.9354718694251215 0.07970734736759474 0.047585705331134064
0 0.40131709580795033 0.9666596849436699 0.07641865626060226 0.042807277117888634
0 0.41285479653358975 0.9835289361973111 0.059756945916316084 0.012665136051661818
0 0.46977691912892805 0.9787444963055834 0.09903770072563951 0.02005173871722903
0 0.36287958918452834 0.9185093414493029 0.14173612141421196 0.08060880548941896
0 0.21668663546366407 0.9423142174718351 0.12104167549789598 0.06908027210332364
0 0.12313753210561947 0.9731897959225073 0.06106647477225655 0.05016513605166182
0 0.24635677729629607 0.9633481314993155 0.14587798439090333 0.06512019780928639
0 0.28529279172426636 0.9809842608870596 0.09613095553496276 0.026210810503983595
0 0.06545642984388321 0.5979230229612537 0.09235616950744616 0.14160848997087