0 0.48647681372269586 0.30163326907801874 0.2434146984757483 0.21516489853730264
0 0.20822052439688857 0.1980829439936456 0.3398089512062229 0.3961658879872912
0 0.3704967688377437 0.49895037419086874 0.18383062021691715 0.17819100405718977
0 0.10099733509452233 0.49818630965980243 0.1631817769309713 0.12002394805083547
0 0.2300621454975685 0.6029538559269241 0.14121587334017516 0.1040171185055307
0 0.5781633022116226 0.6546843567409983 0.228934041958086 0.14304443668674977
0 0.6592138351927181 0.5532797694850558 0.17404655405833439 0.10771486282348768
0 0.355284338414172 0.6968520860414218 0.1442681504675382 0.09157166558343129
0 0.16555421790266725 0.6806345710238881 0.1207124757995032 0.07085006249917605
0 0.011831337726800973 0.5396119249189221 0.023662675453601945 0.08327615016215581
0 0.710398564410067 0.7515848559302195 0.11765110831306061 0.08173301542127547
0 0.7896815434310239 0.8197251554437521 0.1441863372358217 0.07750916558343128
0 0.5739247332243694 0.8461451538188991 0.11310905405833438 0.10665119480442442
0 0.4235025524080144 0.7870583003276068 0.10214428298109546 0.10177278003177204
0 0.28065197707604944 0.769241329141563 0.07065793364502548 0.06060230925276535