0 0.2515625 0.8109375 0.2625 0.1703125
0 0.21015625 0.63046875 0.2734375 0.2171875
0 0.48359375 0.63359375 0.24375 0.18125
0 0.50546875 0.92734375 0.2671875 0.1453125
0 0.09140625 0.93125 0.1453125 0.1375
0 0.175 0.428125 0.2265625 0.11875
0 0.41953125 0.42578125 0.19375 0.103125
0 0.44296875 0.4859375 0.196875 0.10625
0 0.63203125 0.3453125 0.2078125 0.1453125
0 0.68984375 0.4265625 0.1625 0.0921875
0 0.7921875 0.33203125 0.1265625 0.0875
0 0.42109375 0.303125 0.1390625 0.0890625
0 0.31015625 0.34296875 0.2203125 0.0796875
0 0.2625 0.27734375 0.1046875 0.0625
0 0.165625 0.2578125 0.09375 0.053125
0 0.0875 0.3265625 0.1421875 0.0546875
0 0.06796875 0.38984375 0.1359375 0.0984375
0 0.3734375 0.24609375 0.1078125 0.0421875
0 0.52109375 0.21015625 0.1796875 0.0890625
0 0.68125 0.215625 0.1203125 0.0703125
0 0.79609375 0.265625 0.1890625 0.0890625
0 0.8515625 0.23984375 0.1703125 0.11875
0 0.76640625 0.1625 0.11875 0.0734375
0 0.6484375 0.15859375 0.1390625 0.071875
0 0.5390625 0.14296875 0.0921875 0.040625
0 0.42109375 0.1828125 0.0984375 0.059375
0 0.45234375 0.13203125 0.0765625 0.028125
0 0.3734375 0.2140625 0.096875 0.040625
0 0.2921875 0.1984375 0.046875 0.0203125
0 0.08046875 0.1859375 0.0703125 0.034375
0 0.1828125 0.14375 0.046875 0.034375
0 0.23515625 0.1328125 0.05625 0.0375
0 0.296875 0.10546875 0.05 0.028125
0 0.3828125 0.0875 0.0671875 0.028125
0 0.46171875 0.07265625 0.0828125 0.034375
0 0.51953125 0.1078125 0.0625 0.034375
0 0.56328125 0.0765625 0.0640625 0.03125
0 0.6109375 0.05703125 0.0625 0.028125
0 0.6046875 0.0296875 0.0484375 0.0234375
0 0.55546875 0.01953125 0.0828125 0.0390625
0 0.63671875 0.10390625 0.115625 0.0515625
0 0.765625 0.1046875 0.0984375 0.04375
0 0.89375 0.0890625 0.13125 0.040625
0 0.74296875 0.07578125 0.11875 0.05
0 0.71328125 0.05078125 0.078125 0.03125
0 0.9484375 0.1859375 0.075 0.0609375
0 0.90546875 0.421875 0.1859375 0.1140625