0 0.6737698397999503 0.4678752420049682 0.18917747492717538 0.21981357201231527
0 0.7339705200582597 0.17070026015534082 0.3911778956185733 0.2897271379745064
0 0.46076738611816886 0.40584391637841566 0.15946123119538153 0.16496244554888212
0 0.4089621598708453 0.1460331000234411 0.10128501834240015 0.15212610226293632
0 0.33272260563506795 0.29645125654110355 0.08823944906292791 0.13330337939029935
0 0.35149035985821 0.6447205848981306 0.11413201082055266 0.2178147347764936
0 0.4640070802330388 0.6971819886853184 0.08754076708875883 0.16298178903121965
0 0.2667984257724699 0.4413415757247484 0.07275084138279597 0.13789997579950325
0 0.24569161856719166 0.2539961118291019 0.05805184389007838 0.11594316256778665
0 0.34718723706787624 0.04094159992524525 0.08030727711788872 0.07545451795398089
0 0.2838218235691213 0.7958699944408552 0.0688074874635877 0.10975679508134402
0 0.23341499511844907 0.8906785003927835 0.0618588054894186 0.13939884328594587
0 0.1651065789793976 0.6879852924490653 0.09358016693047429 0.10208974082661797
0 0.19313595374828843 0.530036437062871 0.0901823822907382 0.09269656010845857
0 0.18247490155757506 0.3863727954741274 0.0534719924781526 0.06592498184962733