0 0.48671875 0.65 0.190625 0.15625
0 0.21953125 0.71015625 0.24375 0.3359375
0 0.41875 0.4578125 0.1421875 0.1328125
0 0.1796875 0.41640625 0.1328125 0.08125
0 0.3125 0.34375 0.115625 0.0703125
0 0.63046875 0.353125 0.1921875 0.0890625
0 0.684375 0.4546875 0.1453125 0.0671875
0 0.440625 0.28046875 0.121875 0.0578125
0 0.26953125 0.265625 0.1015625 0.04375
0 0.06328125 0.3625 0.103125 0.06875
0 0.76484375 0.28828125 0.096875 0.0546875
0 0.84765625 0.240625 0.1234375 0.0453125
0 0.66015625 0.18359375 0.0875 0.078125
0 0.5171875 0.21171875 0.0796875 0.075
0 0.38671875 0.20546875 0.05625 0.04375