0 0.9173783598598243 0.7467199440277908 0.14964993145709152 0.13557673111680746
0 0.8280637728304774 0.9383132225219217 0.10242632096198286 0.10038950361804452
0 0.7081762070595792 0.9125585487320607 0.10811487884037305 0.11782266508343398
0 0.5983014071442838 0.8180096093383673 0.08956229991529555 0.09348440637700647
0 0.6952828229575342 0.7981685001115416 0.06806673151356132 0.07210737336031983
0 0.6927423809065117 0.7411781936891065 0.06384966837349922 0.05319359905006031
0 0.7143373888696066 0.6706543317487474 0.09277830517696728 0.09521068068726599
0 0.8254723099445289 0.6531127069180895 0.0873627630835923 0.0824650192218769
0 0.842934283777344 0.49825478855529537 0.16518392619541977 0.13483310266810483
0 0.9027448393778343 0.3238965976912639 0.1945103212443314 0.16147084577069998
0 0.712049762871831 0.33718009045517466 0.12559080517696727 0.09693031094499087
0 0.6491710602974647 0.2739121285602441 0.0808397472985769 0.07744997060135787
0 0.7304973840314578 0.22599028493725073 0.10518729991529537 0.09430327792830413
0 0.6352990051204974 0.1828367492070305 0.09167083148532633 0.10294129353213632
0 0.6491850128012437 0.40787769278459535 0.06944722099021768 0.06906426051544959
0 0.6338245942865702 0.5052097161903438 0.09710178413027996 0.08920634215265544
0 0.6074734678652716 0.6144275859326189 0.05456567363517095 0.05426477611928178
0 0.5835270046263873 0.6980689235627185 0.041610647326811724 0.04579717887824373
0 0.5983483678229192 0.6583446822691459 0.05089464206513998 0.04472600180902227
0 0.5247890414580902 0.7058947116677879 0.0481336631118273 0.050812227498762755
0 0.5016924466774098 0.7506373236081471 0.0540196420651398 0.04488977611928178
0 0.5726819679358587 0.5386120364075888 0.06181673151356133 0.0717798247398008
0 0.5677676838055788 0.4542370364075888 0.059526189420186525 0.05919793758467105
0 0.5795025733810573 0.3481474886915809 0.06676183674699843 0.10319359905006031
0 0.5170179839326358 0.3183913896415206 0.05373121572854576 0.06668288896415202
0 0.5195808127871263 0.41588386533126104 0.04482665258848364 0.04752345318850324
0 0.5043946995200073 0.5295811951594447 0.04197466837349921 0.05204717887824373
0 0.4945499916839692 0.4675348965389256 0.041610647326811724 0.04579717887824373
0 0.4497086575678068 0.36626896766068173 0.04426521046687384 0.06462906603337357
0 0.465392383678522 0.5820577419709412 0.055491136803468066 0.04340916327441171
0 0.5255934072854581 0.6662147359780475 0.042718121018452494 0.03806656603337366
0 0.827555852602601 0.07374611148607386 0.1801117052052021 0.07019074852966196
0 0.43044896530502286 0.5303790552907813 0.048786110495108836 0.03526911465389269
0 0.42684655219319545 0.4819006117132165 0.03628611049510884 0.034614017412854636
0 0.41392234698799335 0.42047178878243796 0.04306673151356133 0.07079717887824373
0 0.9729417602409949 0.6828864953618433 0.05411647951801015 0.07029256784239593