0 0.1899567720358335 0.2073272075509347 0.14676851006798622 0.13052381303532484
0 0.33464841014423613 0.047253291663498384 0.10054682028847228 0.09119769262201591
0 0.4451144378796529 0.09476461679907162 0.10574346656500015 0.11309996369925476
0 0.5266573382402433 0.20850492993259234 0.08804682028847229 0.09112496974937896
0 0.42504028685347234 0.20557030659241718 0.06569904160312508 0.07068520472226432
0 0.41070633634038217 0.260948153001621 0.06370013050895836 0.05192611436318471
0 0.3684110399876045 0.3231936229473917 0.09117182028847229 0.09114315046753818
0 0.25342181962288224 0.3162754815550398 0.08619337955902787 0.07861587939029935
0 0.19036138801149344 0.45963914129415606 0.1623571424768057 0.12905221662612104
0 0.09472484574277829 0.6129681534926004 0.16450152393569456 0.15406130698520074
0 0.271923778588438 0.6413391140685971 0.12245818787965286 0.09288745764913049
0 0.31660180537392424 0.7150265989432866 0.07830814437666671 0.07544542759490121
0 0.22116267201517426 0.7425925418598901 0.10210932028847228 0.09120678298109546
0 0.3030679418668062 0.8047794453524905 0.08986389342673622 0.10207156010845857
0 0.3558253466927088 0.5879282886384363 0.06875130642076392 0.06757838544042354
0 0.39904671019982685 0.49834815905174523 0.09575021751493065 0.08648292154477702
0 0.4576566843642711 0.3987026830558503 0.054361498100139016 0.053434072208706954
0 0.5059474075787851 0.325556074546398 0.04011716014423605 0.04553975897699036
0 0.4794219283803475 0.3605532432625047 0.049455792553055565 0.04403180113146821
0 0.5654315103523266 0.3305890081914235 0.04800239532659738 0.048710210772388504
0 0.6020586881639933 0.2933071768093344 0.05258079255305557 0.044049981849627426
0 0.4696858653100698 0.4792305203898678 0.05941267401194459 0.06908634328594587
0 0.4497201638470491 0.5611345053627531 0.05755923328249999 0.05657725292686635
0 0.4067170058870144 0.6600896349494443 0.06486389342673622 0.1019261143631848
0 0.4600063132577089 0.7010191619786115 0.05308993882958344 0.06592498184962743
0 0.4859492577868755 0.6074327884420445 0.043242160144236055 0.04555793969514958
0 0.5335126291777782 0.5030361799325923 0.04182513050895835 0.05179884933607006
0 0.52555596523382 0.5639191377781145 0.04011716014423605 0.045539758976990544
0 0.5405107776385074 0.6694606106507516 0.04367857123840295 0.06430793969514959
0 0.5879994542159033 0.4611713876799188 0.05563305737069442 0.040943162567786476
0 0.5538043325406601 0.3680162853187866 0.04302395459715278 0.03618293969514967
0 0.09185964456409797 0.8926011113381225 0.14495143692972232 0.11957722267624504
0 0.6072956212939935 0.5183071768093344 0.04767508700597212 0.034647710772388506
0 0.5958866490294101 0.5651094539366974 0.03517508700597229 0.03457498789975162
0 0.5902737350854519 0.6260060473208391 0.04222517401194459 0.06898634933607006
0 0.09569893218006965 0.25208519564707804 0.09218880642076395 0.0677147408266178