0 0.26823520760246666 0.9803930633132504 0.19189833992388783 0.0345773717519414
0 0.14585618881938633 0.8934033522734761 0.08570668973360744 0.11079322402541791
0 0.17422924513144622 0.7646919711860439 0.22170253954332697 0.19123647483619663
0 0.21509037258431363 0.5779089914785833 0.19542919961943914 0.1595500982129911
0 0.06497367296487448 0.42416815706201466 0.09913251977166349 0.0954136858759707
0 0.20693833847819412 0.4162175150175337 0.11175985376405224 0.09875687418757337
0 0.11915715418179418 0.33409653612085205 0.21813187056996625 0.18024442775829588
0 0.448121684370762 0.8670185357171103 0.13391869665368966 0.14442393019392769
0 0.3490647604544854 0.8343481319015066 0.12783052273741297 0.10996710957707663
0 0.3567579022418089 0.7161611935899037 0.14740819368794006 0.1306068920444808
0 0.4215817476029041 0.7721015020318902 0.12814885771838505 0.11777960957707698
0 0.5035002510629452 0.7870895280064725 0.0839876808363588 0.06860572402541773
0 0.4063812174511174 0.6292963932655923 0.10219385277546919 0.09390573295387128
0 0.4208018617098987 0.5227191107981881 0.11695668973360736 0.11133869480442442
0 0.3109745810638203 0.3792203011383858 0.12840352570316255 0.1240296095770769
0 0.3322964827369755 0.30770381128465546 0.07949118182494193 0.07321140340856669
0 0.31949805239490825 0.24303733928783267 0.09938718775644109 0.1016636858759707
0 0.18275544467652327 0.1297169533291364 0.11552152372599615 0.11443642126547413
0 0.30775544467652327 0.12753507021310923 0.1379695266917457 0.1288807508107789
0 0.48035722832553224 0.6796043104738766 0.11246019072219049 0.11594437418757338
0 0.5538411492760593 0.6986485909126857 0.087622016805914 0.0811602711033185
0 0.5372027945234239 0.5973042792242885 0.0565975098858317 0.04782957386326192
0 0.4797749550938276 0.5693798766265007 0.05697951186299797 0.05720457386326192
0 0.47239885380123336 0.4842918104738766 0.07662084980971962 0.07940685633066594
0 0.4289088389724857 0.4146884224865854 0.07512201680591399 0.08094208279171564
0 0.42931074558855675 0.36699126217815986 0.061094008897248565 0.04322389448011297
0 0.440059903193211 0.3238043238665572 0.05997717787060939 0.054134120941162586
0 0.4107133014063251 0.23675433725923778 0.05366351087441501 0.05246252678536116
0 0.4205857085166877 0.19123728571711024 0.07537668479069151 0.08719208279171564
0 0.5002970662350726 0.30555315584749393 0.04534167490485981 0.039826159090609534
0 0.5080114071475437 0.3413815616916926 0.04677684091247105 0.036728432629559826
0 0.543428936805039 0.4814883644516361 0.053854511862997965 0.057150026785361165
0 0.5101588389724857 0.41327019846116775 0.061921679847775656 0.06353639448011297
0 0.4760862920147849 0.1910503250843732 0.05965884288963732 0.046321620941162586
0 0.4706467169196447 0.23023555600964968 0.06415534190105418 0.041715941558013545
0 0.5239773053606578 0.25354064245481334 0.04266234387822045 0.05070911201270887
0 0.5297033819386727 0.2213866615295368 0.04859400889724856 0.043005706168510204
0 0.5589066981737455 0.5351627893705582 0.05366351087441501 0.05246252678536116
0 0.5824980484777565 0.6152769833642038 0.0503475098858317 0.047720479707460586
0 0.6152296354358949 0.6319053758157218 0.06185801285158128 0.061973894480112965
0 0.6094133755500633 0.5850985596630978 0.043651840912470874 0.03667388555165907
0 0.5878766151699398 0.536220728899977 0.04859400889724856 0.04300570616851011
0 0.5756366003411922 0.46607187013367896 0.04403384288963732 0.046048885551659244
0 0.5766924229648744 0.4152360730557783 0.047286176882026076 0.04922843262955982
0 0.5464809995428894 0.3837093835263595 0.03395850593149898 0.02869774431795715
0 0.5347967416342241 0.3463866615295368 0.03395850593149916 0.02869774431795715
0 0.5550508918245045 0.26785255844528166 0.05548067885919252 0.058739800324311545
0 0.6399776260443548 0.5869104756535661 0.04228034190105419 0.04133411201270896
0 0.6371417861204669 0.5556877491925164 0.046904174904859805 0.03985343262955983
0 0.625202860227024 0.5121150271956936 0.03902800790866543 0.0381545649348082
0 0.615448516843095 0.46459514489044534 0.04228034190105419 0.04133411201270896
0 0.6095049229648745 0.41466332873782114 0.029589340912471052 0.036428423701106105
0 0.6266924229648745 0.4143633198093674 0.02276633794672147 0.02225682954530477
0 0.6446611729648745 0.41404967411143845 0.037083505931498985 0.028752291395857908
0 0.6525784437251211 0.5124189902640627 0.04546900889724874 0.042951159090609536
0 0.6743871181356893 0.5487831842577082 0.024456171939110226 0.025409103084255237
0 0.543806985702725 0.31808438352635954 0.053217841901054184 0.041525026785361165
0 0.5553957431170987 0.35306335552318235 0.03721083992388792 0.03187729139585782