0 0.20443276239447075 0.44199083359173075 0.20662136760421673 0.17531658235511322
0 0.44118068729933047 0.465983836369508 0.1807300296574951 0.15183950956072395
0 0.4084159723568521 0.23857952961424775 0.20374571840251948 0.2577285641565158
0 0.17025012749004848 0.19901159161129525 0.2606032134596036 0.2379958574935407
0 0.25964023273697545 0.29746078115540725 0.1345261917107738 0.1270607526208937
0 0.11535962802152108 0.6012237361203393 0.18920837452429895 0.20692752775932136
0 0.6348006947137044 0.48882415176264155 0.2469625247145794 0.1327075801956447
0 0.2878023138007958 0.6810347447582126 0.31996757908665396 0.3945252621816177
0 0.4546277164625342 0.6037644386212614 0.19867621642535305 0.24805317550756775
0 0.4676278517868859 0.07122775061830884 0.162744033611828 0.14245550123661768
0 0.11666343733651155 0.8831245781930599 0.11542336463846717 0.15544656847545255