0 0.8354934852005517 0.9386811629486254 0.10050907733927232 0.04840757485477489
0 0.5561605212046878 0.9212390676205737 0.1855931493475449 0.11327490363849116
0 0.39607754388132366 0.8552973521524772 0.17425675469445334 0.21269270678164426
0 0.17686391987591482 0.9053295471472971 0.08195907200827231 0.06472177956950453
0 0.23915592922505047 0.7860850874701686 0.10761360001590833 0.12213617328319834
0 0.12004230255414154 0.8228659576102139 0.19153516136218052 0.22130572745980856
0 0.7835962725573232 0.7685356368937774 0.15630563868554467 0.14626718610347994
0 0.7014462965468237 0.8496636664632821 0.12031359468490824 0.1399058701400449
0 0.596786615889596 0.7850447024429273 0.14086245202099903 0.1611644400324213
0 0.6815343332272776 0.749083623659211 0.12654541335136288 0.13863446856846853
0 0.7386024932368226 0.6761512378034003 0.07445565467854501 0.0909204065339754
0 0.5416184052355499 0.6946958382987382 0.10283519334818117 0.11410534946188075
0 0.449467815245095 0.6287134274215367 0.12014996268299924 0.12584337014004526
0 0.2592877105745043 0.6664617921848983 0.13437609468490824 0.14056084160399784
0 0.2037104199156857 0.6112691780407092 0.07908861067790855 0.08645123035529281
0 0.13678654925209463 0.5917422361462611 0.1105931493475448 0.10978172249741007
0 0.0104898679583201 0.6704387785360473 0.0209797359166402 0.11537244292790554
0 0.04644609663431967 0.5469263498761655 0.09289219326863934 0.14989730024766904
0 0.6265115732415951 0.6462347595150219 0.12480110001590852 0.12293669396136267
0 0.6818808732495494 0.5850938982663169 0.08701019867918128 0.09619010339082212
0 0.57919222525464 0.5523970223353035 0.05223520934118149 0.06021406203449331
0 0.5224786012492311 0.5948606581911143 0.06162839067472703 0.06221320967712849
0 0.4408927939210946 0.5604000750641719 0.08373974801081766 0.0835445541766104
0 0.3525569999204582 0.5691993403656528 0.08840906667727229 0.08220037799792798
0 0.30832574192395806 0.5454921666681697 0.04760225334181776 0.06468323821317572
0 0.27277004992841236 0.5143534826316045 0.058539753341817755 0.06519266046291676
0 0.17767572593095773 0.5000427336650618 0.05534202800763603 0.058797111248705035
0 0.14055753393541207 0.46897682423560233 0.09309656667727224 0.08241870181924557
0 0.2876234379376392 0.44572976116765173 0.04431362133990877 0.05047518899896399
0 0.3249779872692756 0.4564831705971112 0.03964430267345431 0.051819365177646404
0 0.4745143632638668 0.48934055831494894 0.06315452800763595 0.05916098428423418
0 0.3941001572645032 0.48840095058090044 0.06795111600890866 0.06875430810555194
0 0.1693097899427299 0.41376063130769686 0.05074543467536321 0.06639128742738745
0 0.20258536660568463 0.43953972725492096 0.04611247867599957 0.07086046360606986
0 0.25225864994432073 0.3981848271310865 0.053652258672817865 0.047786836641599176
0 0.2251785292807297 0.376802132755439 0.047474984006999676 0.05374573821317572
0 0.5321632312619579 0.5007103978520322 0.05534202800763595 0.058797111248705035
0 0.619426873925867 0.516947519854104 0.05059998400699968 0.05389128742738745
0 0.651721753262276 0.49279939040843407 0.06795111600890866 0.06875430810555194
0 0.605074019931594 0.4754513786216098 0.041170440006363405 0.048767139784752264
0 0.5488876545990031 0.4726025144774206 0.047474984006999676 0.05374573821317572
0 0.476531396602503 0.45020528370784296 0.048982940006363405 0.04913101282028158
0 0.4299745699395482 0.4250447719210187 0.052144302673454136 0.05240156203449331
0 0.3845257099379574 0.4388739855270886 0.031649989337999784 0.03583049214211727
0 0.34400070727245735 0.4321723753118409 0.03166817067154524 0.03739299214211726
0 0.28063818861395695 0.37499988420318103 0.0631727093411815 0.06072348428423435
0 0.6217984432686393 0.4473434952469983 0.045839758672817865 0.04742296360606986
0 0.5914933252705483 0.4347001000855625 0.04431362133990877 0.05047518899896399
0 0.5447546852721391 0.42516458829873816 0.042678396005727134 0.04415241439185813
0 0.49493649860759364 0.4118683757261256 0.045839758672817865 0.04742296360606986
0 0.4459722872772298 0.39228577584996016 0.03784544533736352 0.03143409057054054
0 0.45473875994591156 0.3770417655108779 0.023728401336727066 0.02609161910658786
0 0.46354159528168426 0.35867275517179575 0.03012385200509051 0.03888271753501123
0 0.559898427275639 0.3986919795312326 0.04743862133990895 0.05062073821317572
0 0.6044569492759572 0.3942741532287156 0.02999658267027261 0.027945217535011224
0 0.32238933660886626 0.41053496981132287 0.045948846674090583 0.056797963606069854
0 0.36057967994113904 0.41656449193722944 0.036392033338636144 0.040736315963434674