0 0.794186329086654 0.3568707557964924 0.21975803756616052 0.18307099240055572
0 0.5754774328507063 0.4589281375397217 0.19380303262324466 0.15905161094166687
0 0.5323973004177419 0.2268975407501037 0.22475855536065784 0.2674823599917363
0 0.7488751931936485 0.1159551947197914 0.27855471741393617 0.2319103894395828
0 0.6953429693911026 0.23405281126732583 0.14272069368794008 0.131325348023889
0 0.9151169585166876 0.4812323633196868 0.16976608296662477 0.2152652433504862
0 0.3967887001509118 0.5451962119122566 0.25710152866891206 0.14179268218006963
0 0.7930681339530201 0.6172997627303466 0.35073741802195857 0.40934516451263914
0 0.6068932120139099 0.5966093222852425 0.21812655338349138 0.25796188962701405
0 0.41587435079830276 0.07899390292604153 0.1754987015966055 0.15798780585208305
0 0.9806676571475437 0.7571941448548255 0.03866468570491257 0.1609388064207639