0 0.9515625 0.86796875 0.096875 0.1703125
0 0.7921875 0.95859375 0.0953125 0.075
0 0.678125 0.9 0.1453125 0.196875
0 0.51328125 0.80390625 0.11875 0.1609375
0 0.33125 0.928125 0.065625 0.1234375
0 0.359375 0.77109375 0.0765625 0.0890625
0 0.2625 0.83203125 0.134375 0.178125
0 0.83671875 0.659375 0.1171875 0.1
0 0.7828125 0.74453125 0.084375 0.103125
0 0.675 0.70625 0.1 0.1171875
0 0.7421875 0.66015625 0.090625 0.1015625
0 0.77578125 0.58671875 0.05 0.06875
0 0.60546875 0.6375 0.0734375 0.0828125
0 0.509375 0.596875 0.0875 0.090625
0 0.34921875 0.66328125 0.0984375 0.1
0 0.2875 0.625 0.0578125 0.0625
0 0.22421875 0.6203125 0.08125 0.0765625
0 0.0859375 0.7203125 0.090625 0.0890625
0 0.11328125 0.60234375 0.1015625 0.109375
0 0.66953125 0.58046875 0.09375 0.0859375
0 0.7046875 0.5171875 0.0625 0.0703125
0 0.60625 0.50703125 0.0359375 0.0453125
0 0.56640625 0.55390625 0.0453125 0.04375
0 0.4859375 0.53828125 0.0625 0.059375
0 0.41015625 0.56171875 0.0671875 0.05625
0 0.365625 0.54921875 0.03125 0.0515625
0 0.32734375 0.528125 0.0421875 0.0484375
0 0.23984375 0.5328125 0.040625 0.0421875
0 0.2 0.51171875 0.071875 0.0546875
0 0.32421875 0.46640625 0.03125 0.0359375
0 0.36015625 0.46875 0.0265625 0.0390625
0 0.49921875 0.47109375 0.046875 0.040625
0 0.428125 0.484375 0.0515625 0.046875
0 0.2125 0.459375 0.0328125 0.05
0 0.24765625 0.475 0.028125 0.05625
0 0.28203125 0.43125 0.0421875 0.03125
0 0.253125 0.4171875 0.034375 0.0390625
0 0.553125 0.4703125 0.040625 0.0421875
0 0.63359375 0.46875 0.0375 0.0390625
0 0.65703125 0.4421875 0.05 0.046875
0 0.61171875 0.43515625 0.028125 0.0359375
0 0.5609375 0.44296875 0.034375 0.0390625
0 0.4921875 0.43671875 0.0375 0.0328125
0 0.4453125 0.42265625 0.0390625 0.0359375
0 0.40859375 0.44296875 0.021875 0.0265625
0 0.37109375 0.44453125 0.021875 0.028125
0 0.30234375 0.40546875 0.046875 0.0421875
0 0.6203125 0.4078125 0.0328125 0.034375
0 0.590625 0.40234375 0.03125 0.0375
0 0.546875 0.40234375 0.03125 0.03125
0 0.5 0.39921875 0.034375 0.0328125
0 0.45234375 0.39140625 0.0296875 0.0203125
0 0.45625 0.37578125 0.0171875 0.01875
0 0.46015625 0.359375 0.0203125 0.0296875
0 0.55390625 0.3765625 0.0328125 0.0359375
0 0.59296875 0.36484375 0.021875 0.01875
0 0.346875 0.42890625 0.03125 0.04375
0 0.38203125 0.42734375 0.025 0.0296875