0 0.25625 0.84296875 0.1109375 0.128125
0 0.07578125 0.7203125 0.084375 0.0859375
0 0.10859375 0.60703125 0.1 0.090625
0 0.209375 0.51484375 0.0796875 0.0734375
0 0.22109375 0.6140625 0.0625 0.0546875
0 0.27734375 0.621875 0.0421875 0.0546875
0 0.34453125 0.65546875 0.08125 0.078125
0 0.35390625 0.76953125 0.06875 0.075
0 0.50390625 0.8140625 0.1078125 0.14375
0 0.66953125 0.91015625 0.1296875 0.1796875
0 0.6703125 0.71328125 0.078125 0.109375
0 0.7359375 0.66171875 0.065625 0.06875
0 0.77734375 0.7515625 0.0765625 0.0890625
0 0.8265625 0.6640625 0.090625 0.0734375
0 0.60546875 0.63828125 0.0578125 0.059375
0 0.51171875 0.60546875 0.0734375 0.0828125
0 0.40625 0.56015625 0.0453125 0.046875
0 0.32734375 0.521875 0.0390625 0.0328125
0 0.36484375 0.54296875 0.0375 0.04375
0 0.3234375 0.4625 0.0421875 0.040625
0 0.28203125 0.43125 0.0375 0.0453125
0 0.4828125 0.5390625 0.0625 0.0484375
0 0.56640625 0.54921875 0.0484375 0.05
0 0.66875 0.58046875 0.09375 0.05
0 0.70234375 0.5234375 0.059375 0.04375
0 0.60625 0.50859375 0.0390625 0.0375
0 0.496875 0.4734375 0.046875 0.0328125
0 0.5578125 0.47421875 0.0390625 0.034375
0 0.659375 0.4484375 0.0578125 0.0328125
0 0.4484375 0.425 0.034375 0.0484375
0 0.36171875 0.46953125 0.03125 0.0359375
0 0.946875 0.878125 0.096875 0.1640625
0 0.5015625 0.40078125 0.028125 0.04375
0 0.5484375 0.40546875 0.0296875 0.03125
0 0.609375 0.40390625 0.0640625 0.03125
0 0.31328125 0.93046875 0.0546875 0.0828125