0 0.9172635456767401 0.45238366786471695 0.16547290864651992 0.24053360207923688
0 0.7987306110513197 0.6425798475290666 0.2715679054675523 0.37183206888575776
0 0.6801509477900975 0.3359611493938776 0.2375863893760087 0.3304015854824973
0 0.6543636159949984 0.522844920139802 0.15733117080279085 0.1828861228251613
0 0.5529382377668544 0.35041196785542816 0.04219820767745475 0.07002908008391255
0 0.5552277214232095 0.2386815624614878 0.11789733020561535 0.1301629419114117
0 0.493635021539425 0.11356224067594498 0.13102004307885 0.16224173610255282
0 0.49332293714643577 0.32024994855939626 0.12095662822814397 0.1739129419114116
0 0.43944953813517146 0.29440857635893497 0.06752598960843983 0.07661096680652095
0 0.43742785224924347 0.3766290805081199 0.05335422896477802 0.07398287427505376
0 0.5071883312140215 0.45185514606988536 0.17278120818165768 0.22602081618646536
0 0.6036030533935357 0.8749150603868955 0.15886081981405517 0.20476112282516112
0 0.5571375988181743 0.932785837356597 0.08504127153942491 0.0826008576783142
0 0.5209490905203009 0.8375675031234996 0.0894116972858944 0.1451008576783142
0 0.47067058507241927 0.7964563284335273 0.03740144703379293 0.06811138257342364
0 0.4418896572322629 0.8960768975197778 0.09035148441265975 0.11408765601864027
0 0.44339789088861803 0.7842872925407559 0.03507412252816078 0.05705548340326043
0 0.40752146698373404 0.4823812504242072 0.05157320767745457 0.07073947510489056
0 0.3775883125245881 0.4210526641165174 0.039980143815484225 0.06053568091374952
0 0.33126496958162405 0.4587293402563821 0.04677644703379293 0.06882177759440164