0 0.06355896822650865 0.23040656551854846 0.05358974672063965 0.12948892319868044
0 0.05419277080375654 0.5577586757059629 0.05728795680654793 0.14051735141192587
0 0.1453776927845954 0.630617165676833 0.2353996687014785 0.20498433135366606
0 0.32172775158187966 0.48285693025830945 0.22090780076822564 0.285688762074194
0 0.41957318860072385 0.7423432420159342 0.18909123473485198 0.2441999440483631
0 0.4533263116223594 0.5826332728947466 0.10105124491161739 0.0825062746106063
0 0.5299551679085089 0.8391620692129651 0.0813119549975255 0.09285274122451134
0 0.557893139414378 0.940602548758994 0.07407266508343398 0.10356292069139812
0 0.5865759028705038 0.6543755437444292 0.10810682835784532 0.15759720282385156
0 0.5870439716174106 0.7674976693712497 0.057219357756487454 0.07967077962517113
0 0.6325169239014028 0.7867621464099961 0.040202276119281774 0.05265363855894432
0 0.6337651633859532 0.7212735387298641 0.03971095318850324 0.043278638558944496
0 0.5483488845531379 0.5947588513454187 0.036667840343633 0.04475021034569906
0 0.5440940745126582 0.4986878333987302 0.04127345318850324 0.043324102665567035
0 0.5382966966297826 0.3136452436652869 0.07588747060135788 0.07865384890464337
0 0.5113380489592032 0.2457757820659466 0.07670634215265544 0.09427884890464337
0 0.5655818136585243 0.20913123990436314 0.057799211894930556 0.060966243731793844
0 0.607377567276569 0.30707464640999615 0.06067190637700666 0.08601170783841657
0 0.6381262782669884 0.34307198238251574 0.03880355042954129 0.0557331744523216
0 0.6696418718899817 0.25974265683483744 0.05894563206674697 0.08284124373179384
0 0.4907411866801599 0.046261515372899194 0.09398237336031982 0.0666994181841155
0 0.664357907620202 0.35241589014179003 0.042999727498762755 0.04649456677218975
0 0.6793454997728574 0.4448989068348374 0.06577548620519007 0.06431856426490726
0 0.6873538308442363 0.6721289965682807 0.03666784034363317 0.04475021034569906
0 0.6738402074839165 0.6077709798752332 0.0376571302577247 0.033858174452321775
0 0.7154146330827998 0.7759132261143096 0.050061954997525505 0.09194345909205773
0 0.7372785877416412 0.6423793120868291 0.028364017412854638 0.03514788981258547
0 0.7362494335123412 0.8311235633404704 0.05038950361804453 0.09819345909205772
0 0.7753927414051144 0.6551892006457736 0.03699538896415202 0.05100021034569906
0 0.7677008293738983 0.8507601134196128 0.047516809135968605 0.073147994985435
0 0.7813804698083884 0.7247886468057075 0.03387038896415202 0.050909282132453625
0 0.7592797405006032 0.630538541632858 0.034859678878243726 0.04001724623907634