0 0.2098220330803553 0.23572677263686498 0.2352212114824373 0.21513629336408951
0 0.4379351042211628 0.2908575259389119 0.34631522037968593 0.25859648671227065
0 0.21982047969686386 0.4886154153007742 0.3076055474519924 0.22847263470718
0 0.3941320715979181 0.4459813779440026 0.1731721976422728 0.14882040268936264
0 0.2854043759328116 0.5846813459580019 0.06259284190105419 0.041334072008272396
0 0.1870968685184378 0.6209648386378195 0.1232066897336074 0.1107567813494537
0 0.0989973492410659 0.7133528806492736 0.1660945266917457 0.12843517735518084
0 0.2853924470736191 0.6424665739576838 0.16089769072219057 0.11588063335454457
0 0.2848857696973014 0.6932296426241382 0.07285917984777565 0.06331816000954511
0 0.3570300251345088 0.6666211419478205 0.06922484387822045 0.05078179734245403
0 0.39387079194042285 0.5865427432765935 0.21130886760421674 0.16488175469445315
0 0.7198125039171517 0.36800818256686824 0.19042336463846715 0.15058289735836256
0 0.7894246669590134 0.3843775225573232 0.07974584980971962 0.07901588534372675
0 0.8972265325860637 0.2300707358768693 0.11465936068413426 0.13096019334818115
0 0.7228791541074321 0.4460604572326865 0.13312551779449713 0.08588405068427178
0 0.70824630973492 0.49854965790104994 0.060775673916276675 0.03506589067472703
0 0.8062527282139891 0.48881957455445973 0.10662668479069168 0.08713746801399935
0 0.7079770542977124 0.5243218172342774 0.05133700692008212 0.03339430267345413
0 0.4613501106097724 0.6552558332670485 0.06447367688202625 0.04916475334181776
0 0.42128618471632945 0.6994512759389119 0.056279174904859806 0.039698846674090585
0 0.47179817927912193 0.7246325419319122 0.0643463428896375 0.04603975334181776
0 0.5160879150190281 0.005330747971046787 0.18032416996194395 0.010661495942093573
0 0.22124364722453088 0.08956938796945595 0.1842715237259962 0.11459085335772615