0 0.28515625 0.80546875 0.184375 0.165625
0 0.48671875 0.69765625 0.2890625 0.18125
0 0.2453125 0.5640625 0.2546875 0.159375
0 0.415625 0.56171875 0.1375 0.1109375
0 0.2875 0.45703125 0.0546875 0.0265625
0 0.1890625 0.446875 0.0953125 0.084375
0 0.0890625 0.38125 0.1359375 0.090625
0 0.27578125 0.403125 0.1359375 0.0796875
0 0.265625 0.3546875 0.0578125 0.0484375
0 0.3375 0.3625 0.0578125 0.0359375
0 0.38828125 0.42890625 0.1734375 0.1171875
0 0.734375 0.55625 0.15625 0.1078125
0 0.79609375 0.5234375 0.059375 0.0625
0 0.9375 0.64375 0.1015625 0.1078125
0 0.721875 0.48203125 0.115625 0.0546875
0 0.69765625 0.43515625 0.0546875 0.021875
0 0.79140625 0.42109375 0.0875 0.0625
0 0.69296875 0.4109375 0.0453125 0.021875
0 0.4375 0.34765625 0.0546875 0.034375
0 0.39140625 0.315625 0.0484375 0.0265625
0 0.434375 0.2796875 0.0546875 0.03125
0 0.621875 0.98203125 0.175 0.0359375
0 0.32421875 0.946875 0.1609375 0.0828125