0 0.08794567221704777 0.959290133878658 0.10949496832111634 0.07301568874502422
0 0.07846993538172495 0.5688043967302393 0.1569398707634499 0.23426620653952135
0 0.2560008115930565 0.6392747697344825 0.28166417130699395 0.32931872136826906
0 0.24781587906132313 0.3552645256659815 0.24255811264080362 0.2825418804557979
0 0.3475213120972596 0.48908908593237416 0.12094592055068931 0.1030851907221905
0 0.31831368538172494 0.21606276281440023 0.10107046312533621 0.10850751977166348
0 0.30470428947255385 0.1098910172630245 0.09881954827463009 0.12088018577927473
0 0.4521373923028749 0.36329856566641905 0.14192469209011432 0.18028436068413445
0 0.40655137671553465 0.2576507435370283 0.07486859604505706 0.09030134783255317
0 0.44343937151975454 0.22031256962075169 0.05102690445914604 0.061285009885831784
0 0.47271732609511596 0.28066247920257226 0.05026207995351371 0.0503475098858317
0 0.43929890269443506 0.435491900647391 0.04735560124083733 0.05334517589344294
0 0.47425877471839273 0.5259922252482395 0.05193384059717552 0.051973676882026254
0 0.546178061340955 0.7006792074537425 0.09383711733238051 0.09419035178688588
0 0.5471835504451917 0.775424539468965 0.09816398441265975 0.11150518577927464
0 0.6165673349740669 0.7858407746402174 0.07221348960843983 0.07461268083635879
0 0.6188014603522193 0.6759073591268976 0.07853989926336595 0.0982411818249421
0 0.6345792796620714 0.6285230231573425 0.05124542574646931 0.0644100098858317
0 0.7018653326282784 0.6912193413324005 0.07843063861970415 0.0966786818249421
0 0.657038787707843 0.6081322687087182 0.05048060124083733 0.0534725098858317
0 0.6346881763275471 0.5155601081383144 0.08013525025210164 0.07649351581733085
0 0.5468050361183592 0.3017933798871443 0.04735560124083733 0.05334517589344294
0 0.5609660890845662 0.3666543759328116 0.046590776735204995 0.042407675893442943
0 0.5325782811746805 0.19330971783386577 0.06782092055068922 0.10092051285158128
0 0.6111024829000504 0.3069636995450771 0.03554401609154336 0.0403995069200823
0 0.5298081962774882 0.13265871931674056 0.07149222376899793 0.10886034684397003
0 0.6451004244859616 0.27753352612309207 0.047792643815484225 0.059595175893442945
0 0.5539230394725537 0.09973613137001906 0.06349405347041034 0.08360567885919248
0 0.621001642807078 0.20996136555268827 0.047792643815484225 0.059595175893442945
0 0.6367198419345579 0.3082569441078696 0.04379355866619043 0.046967841901054186