0 0.8989410193221117 0.38613102034031715 0.1775843413771451 0.12581703657757748
0 0.7409797302993703 0.5318215692380033 0.15665677168436432 0.19673703163466155
0 0.6279712656939147 0.289274630492979 0.14190479092165803 0.22110036167271768
0 0.5114434754052286 0.19169002326888565 0.06931548439090349 0.06367518083635884
0 0.4733581436467305 0.08403934935260904 0.06382937622353531 0.08529551285158128
0 0.4506994375636135 0.2617677599230128 0.05105655771188111 0.07697367688202608
0 0.54019851341648 0.7693839417479549 0.0851240228654909 0.11424818380210837
0 0.39311518229095394 0.7797736606075848 0.035104175497895976 0.06696200692008211
0 0.5666965591474614 0.9803718853987139 0.08019842068857255 0.039256229202572254
0 0.47082594300590913 0.3913106798849567 0.07382442431676957 0.14811384783255327
0 0.40586808720079376 0.2513595005314726 0.03768353847458741 0.051464340912471054