0 0.5914219745386868 0.8496570418928341 0.2254381577089811 0.21153318631233448
0 0.41902957700011356 0.684603494801908 0.3453712261107153 0.24084402324472406
0 0.7230793111445109 0.5923396041306074 0.30788663666229377 0.21155834233097454
0 0.5442332453030255 0.5514456074545996 0.16711044724210708 0.1448892153566284
0 0.7179962399707664 0.4659430474919116 0.06597361049510883 0.037666865976683894
0 0.8262791768307043 0.4764051055804998 0.11832433674699842 0.10852474025173783
0 0.9246025557416647 0.4308423066154738 0.0981938472703419 0.11011055103961845
0 0.7508234214984453 0.409787213258814 0.1634548262236546 0.10883331618646537
0 0.7795168398719445 0.35783362695112414 0.06890118942018653 0.06122276514684701
0 0.701475139857827 0.3489690350443569 0.0681731473268119 0.048722765146847015
0 0.6231079451759686 0.412464695212182 0.20809946828879458 0.1542175937808672
0 0.2088788452042035 0.47340957613522033 0.19036593671876342 0.14354020290907385
0 0.1558140293627182 0.42298444626108916 0.07293624203690507 0.07708456348717299
0 0.012448979165074111 0.51601516369231 0.024897958330148223 0.12421967261537983
0 0.25001135039528816 0.3948459456363893 0.13663472099021767 0.07568892946385705
0 0.2931844977220999 0.3480175672121507 0.06413809471009327 0.03286096680652104
0 0.19881214241807577 0.3123895657622581 0.10436825256024873 0.08257754689043359
0 0.3071405819088495 0.32207037385084647 0.05310958944842144 0.030469672615379827
0 0.6002080424463107 0.311530079860198 0.06486613680346806 0.04536096680652095
0 0.6623286108480446 0.28660001222384 0.05807010523343692 0.03551237012586892
0 0.6286585371140516 0.2370386427226711 0.0646841262801244 0.042235966806520954
0 0.15939145356258658 0.9625079649324212 0.2008946420651399 0.05722419461070416