0 0.02753289376878732 0.8009920703257528 0.05506578753757464 0.13921132213985138
0 0.017212073875167395 0.4721031784931208 0.03442414775033479 0.1410813569862416
0 0.10592138171826415 0.3969791821213179 0.2118427634365283 0.20796630054030488
0 0.2750351952465558 0.5466319856568478 0.22722744183926097 0.28705359981466555
0 0.3621080739457546 0.2882044159640671 0.19370231029746474 0.24689982576804842
0 0.402044287255226 0.4492981725874891 0.10160727360693614 0.08463294954451292
0 0.46788690806191696 0.19247774291324188 0.08184080517696728 0.09329862141421193
0 0.4909442474397512 0.0922966936388813 0.076409852532014 0.10714286660488852
0 0.5321937898154747 0.3786905506251229 0.11213452090551304 0.15828870435383652
0 0.5285899186558478 0.2658358865599724 0.05914675782192056 0.07847222958157989
0 0.5720059896884179 0.2462153565229055 0.03894067363517095 0.0528174651536097
0 0.5767320160673642 0.3129217068857252 0.039866136803468066 0.04193452885594055
0 0.4974400872411085 0.4377555265785059 0.03857665258848364 0.04656746515360979
0 0.4973575162791257 0.5332589995366639 0.04299113680346807 0.04204365626060227
0 0.5006358927710116 0.7189063228576416 0.07798776308359248 0.08068949400955017
0 0.47710041125745023 0.7869742765785058 0.07889781570031093 0.09631449400955017
0 0.5328652928698336 0.8241493835647475 0.0597992052052021 0.06290179328391084
0 0.5698941269859961 0.7260219076113646 0.061255289391951705 0.08790179328391083
0 0.6001577506352845 0.69028530425332 0.03912268415851479 0.05594246515360979
0 0.6352237243975125 0.773707928662757 0.061073278868607875 0.08477679328391083
0 0.4686222403942895 0.9763442783077864 0.09435621572854576 0.04731144338442732
0 0.6249680348361515 0.6809747916394484 0.04170165258848364 0.04667659255827132
0 0.6358060952747906 0.5889782645976063 0.06770271046687401 0.06473711179556503
0 0.6333768582172088 0.36187012757429776 0.03857665258848364 0.046567465153609613
0 0.623395642488663 0.4257143727649743 0.039502115756780753 0.035684528855940555
0 0.6566162081183867 0.25856407829993716 0.05215330517696728 0.09226191106992569
0 0.6847727582454437 0.3934127934535468 0.026911110495108838 0.0336855192372937
0 0.6739093949077374 0.20358640162091485 0.05251732622365459 0.0985119110699257
0 0.7230918056004902 0.38065982230948736 0.03581567363517095 0.05270833774894799
0 0.7048254659403073 0.18352936196520112 0.04793624203690498 0.07340278366526398
0 0.7256700450065594 0.30951150860715654 0.03581567363517095 0.05270833774894799
0 0.7076187240445766 0.4043874989885096 0.036559126280124234 0.03870040145127884