0 0.19993234318775 0.12961312204718412 0.20278969847574838 0.2179762176006804
0 0.41168797550491554 0.27760422186184963 0.2965215177575892 0.2181250397405318
0 0.16260610177195697 0.4266865294889127 0.25260789129415606 0.1884722560752678
0 0.34464644213103657 0.43460570081045746 0.08341246369925477 0.10601687622353531
0 0.09074525819142353 0.560868067330528 0.09420451795398088 0.08139882213985139
0 0.026964559322891678 0.6070684555349628 0.03630111436318471 0.06375496515360979
0 0.30805547803899835 0.589546171954517 0.16620678298109554 0.10578375244707061
0 0.18632592378427223 0.6102902031727101 0.08155907220870699 0.05596231252120454
0 0.17880886045435984 0.6607986346610558 0.05335225897699045 0.040917665879249124
0 0.2506111375817229 0.6508085649682752 0.04396816861791084 0.03902778366526398
0 0.3600947010098312 0.5390303059826006 0.04707498789975162 0.0360119110699257
0 0.46151175526455723 0.5175769466341061 0.04398634933607006 0.04215278366526398
0 0.6596856348512483 0.47919403683012496 0.08168633723582168 0.07783731252120454
0 0.7242839451560987 0.43927093047685534 0.09886474687674199 0.07687501324684405
0 0.7800435866466465 0.4912079419096008 0.06281816256778647 0.05687004809323426
0 0.6874475413689108 0.5520239016209147 0.09096134328594588 0.0609771947351895
0 0.6572151407049809 0.5915849094254632 0.05958407825883114 0.03801092068857255
0 0.7573060442957771 0.6107019863746379 0.08625566256778665 0.05768850362819702
0 0.9473396500747547 0.38144853991016775 0.09430451190385654 0.09858632213985138
0 0.6566020623479538 0.6204638775742978 0.047111349336070064 0.042261911069925696
0 0.559936140606785 0.6530184280297847 0.06443520472226431 0.06629961179556502
0 0.31885714353365124 0.7008383360196675 0.04707498789975162 0.0360119110699257
0 0.3835372670702181 0.6749777296663979 0.03459316861791084 0.03870040145127884
0 0.2152463302037388 0.7479910998146655 0.09868293969514967 0.04562501324684387
0 0.36600030912649995 0.7485689970895931 0.03608294574527395 0.02625496515360979
0 0.16309347774441077 0.7789757157865818 0.10650453005422929 0.047460331758498245
0 0.3631252940011894 0.7914286196849314 0.05332498789975162 0.036230165879248946
0 0.1500303963623216 0.8160119243167696 0.07837953005422929 0.046478185116543
0 0.29058721866922443 0.8092039075265467 0.05175339754067192 0.034613102176918174
0 0.38564518861499514 0.7687822933687288 0.04082498789975162 0.03579365626060227