0 0.83203125 0.91484375 0.125 0.0796875
0 0.5171875 0.97421875 0.13125 0.0515625
0 0.43203125 0.89453125 0.175 0.2046875
0 0.5515625 0.69453125 0.2546875 0.178125
0 0.2921875 0.6515625 0.21875 0.153125
0 0.440625 0.5875 0.0703125 0.0890625
0 0.1859375 0.56484375 0.08125 0.0671875
0 0.08671875 0.55859375 0.0953125 0.059375
0 0.35546875 0.4734375 0.14375 0.084375
0 0.24765625 0.4953125 0.0703125 0.0453125
0 0.2234375 0.45625 0.046875 0.03125
0 0.28671875 0.44140625 0.0375 0.034375
0 0.4171875 0.49765625 0.040625 0.03125
0 0.50859375 0.4828125 0.0375 0.0359375
0 0.6859375 0.45078125 0.06875 0.0640625
0 0.75390625 0.4625 0.0859375 0.0625
0 0.78203125 0.403125 0.0546875 0.0484375
0 0.68359375 0.3828125 0.078125 0.046875
0 0.6453125 0.36015625 0.05 0.03125
0 0.7203125 0.3125 0.075 0.046875
0 0.959375 0.4390625 0.08125 0.08125
0 0.6328125 0.33671875 0.040625 0.034375
0 0.54296875 0.340625 0.0546875 0.05625
0 0.32578125 0.3796875 0.040625 0.03125
0 0.38828125 0.37890625 0.0296875 0.0328125
0 0.2234375 0.3734375 0.084375 0.0359375
0 0.3484375 0.325 0.03125 0.021875
0 0.16875 0.36484375 0.090625 0.0359375
0 0.33125 0.28984375 0.046875 0.028125
0 0.1453125 0.33828125 0.0671875 0.0375
0 0.26328125 0.29921875 0.046875 0.028125
0 0.35625 0.3015625 0.034375 0.0296875