0 0.6875 0.9796875 0.121875 0.040625
0 0.3671875 0.96484375 0.1296875 0.0609375
0 0.31328125 0.85390625 0.1640625 0.196875
0 0.4890625 0.70078125 0.2484375 0.1640625
0 0.25546875 0.58046875 0.2125 0.140625
0 0.41640625 0.56484375 0.065625 0.0859375
0 0.18125 0.46484375 0.078125 0.0625
0 0.08828125 0.428125 0.0921875 0.053125
0 0.37109375 0.4296875 0.140625 0.0765625
0 0.26171875 0.4171875 0.06875 0.040625
0 0.25078125 0.37265625 0.0453125 0.0296875
0 0.31484375 0.378125 0.0359375 0.03125
0 0.421875 0.471875 0.0390625 0.028125
0 0.51328125 0.48671875 0.0359375 0.0328125
0 0.6921875 0.5109375 0.065625 0.0609375
0 0.753125 0.54296875 0.0828125 0.0578125
0 0.7984375 0.49453125 0.0515625 0.0453125
0 0.7109375 0.4453125 0.0765625 0.04375
0 0.68125 0.41171875 0.05 0.028125
0 0.76796875 0.38984375 0.0734375 0.0421875
0 0.95703125 0.58515625 0.0796875 0.078125
0 0.67734375 0.3859375 0.0390625 0.0328125
0 0.58984375 0.36171875 0.053125 0.053125
0 0.371875 0.33125 0.0390625 0.028125
0 0.43125 0.35078125 0.028125 0.03125
0 0.27578125 0.29375 0.084375 0.03125
0 0.409375 0.28671875 0.0296875 0.0203125
0 0.2265625 0.26875 0.090625 0.0296875
0 0.40390625 0.2484375 0.0453125 0.0265625
0 0.2125 0.23671875 0.065625 0.0328125
0 0.3375 0.2359375 0.0453125 0.025
0 0.425 0.2671875 0.0328125 0.028125