0 0.7169165389602259 0.08229211244058807 0.20946827759614006 0.16458422488117613
0 0.4987450117678275 0.2039329126434029 0.32547510714144484 0.23064022905358295
0 0.7691956538123085 0.3258149549604443 0.2859489569792892 0.20111774979950728
0 0.5825723611986346 0.3454324057949257 0.15530688311602708 0.13660311867597627
0 0.7267371927725342 0.4479393313100905 0.059893197240056394 0.0341866684661948
0 0.8354945840062363 0.4490855889837603 0.1079136858759707 0.10336364357108571
0 0.9358728648520828 0.5106840945828377 0.12825427029583453 0.11354412697434597
0 0.7418360872526473 0.5062487387786232 0.15314436525911965 0.10210971950581324
0 0.7552633875769588 0.558426545417319 0.06501707386326191 0.05954186597668389
0 0.6754395198822071 0.5566524030956334 0.06323638555165907 0.04692346680652086
0 0.6171536870904915 0.48909897280658365 0.1944784772718286 0.14581309793005204
0 0.23200929951023735 0.3845130194965245 0.1755648360381265 0.13501730788809568
0 0.16547636444504552 0.42710418381353465 0.06841480925276526 0.07540366431700996
0 0.03432004748164248 0.307965865351984 0.05991256249917617 0.12469326929603194
0 0.2490661603051302 0.4653602777948943 0.13075116801906325 0.070764631123531
0 0.27728266355154113 0.5132882923170413 0.05983865016215582 0.031061668466194802
0 0.17445767247999483 0.538290137547801 0.09966480925276526 0.07777164772027056
0 0.28322870048317206 0.5402176452214709 0.050463650162155815 0.0303512734452168
0 0.5663918023496112 0.583690345007045 0.06005683847375849 0.04356166846619498
0 0.6185543202065187 0.6141581723916651 0.053643197240056395 0.033713071785542684
0 0.5723747954497522 0.6575538974965559 0.06000229139585791 0.0404366684661948