0 0.415625 0.8640625 0.1765625 0.15625
0 0.56171875 0.68828125 0.2828125 0.165625
0 0.28828125 0.6546875 0.2515625 0.14375
0 0.44453125 0.5890625 0.1328125 0.1046875
0 0.2875 0.53984375 0.0546875 0.0234375
0 0.1921875 0.5671875 0.0921875 0.0796875
0 0.07421875 0.54375 0.1328125 0.0828125
0 0.25625 0.49453125 0.134375 0.071875
0 0.228125 0.453125 0.0546875 0.0453125
0 0.29765625 0.4328125 0.05625 0.0328125
0 0.36953125 0.4765625 0.16875 0.1078125
0 0.7390625 0.46484375 0.153125 0.1
0 0.78359375 0.4109375 0.05625 0.059375
0 0.95546875 0.46875 0.0890625 0.103125
0 0.69921875 0.40078125 0.1140625 0.0484375
0 0.659375 0.365625 0.0546875 0.01875
0 0.740625 0.31796875 0.084375 0.0578125
0 0.6453125 0.34453125 0.0453125 0.01875
0 0.38515625 0.38203125 0.053125 0.03125
0 0.3296875 0.36953125 0.046875 0.0234375
0 0.35703125 0.3203125 0.053125 0.028125
0 0.80546875 0.92890625 0.171875 0.0828125
0 0.503125 0.971875 0.159375 0.05625