0 0.09048579714729711 0.4550961150516798 0.18097159429459422 0.15899067550756776
0 0.26873265178097355 0.5727806701088971 0.1911473465663966 0.22411502775932135
0 0.3225640889179108 0.3254841679494287 0.18271841645877274 0.24382675046142532
0 0.4138505225401913 0.21614754318014134 0.07983735731976349 0.07521884793281677
0 0.4251583577340484 0.10795431137873865 0.07602315260503385 0.09366845928386876
0 0.48712104859503924 0.27491007633813347 0.06628427956950453 0.08525518198597286
0 0.5156867727495882 0.7719643514765611 0.10567641935425698 0.12828329117755644
0 0.6595288180348586 0.7623762052694739 0.04702485731976367 0.07311612739018099
0 0.5413266658441094 0.975159944476745 0.09299232878371626 0.049680111046509975
0 0.4976689427230177 0.4017426866094513 0.0992466368892682 0.15747014342931004
0 0.5285829565767566 0.2595446946290158 0.04793238585581072 0.05915375693983034