0 0.540625 0.84765625 0.4015625 0.303125
0 0.12578125 0.7296875 0.2515625 0.5125
0 0.375 0.625 0.0671875 0.075
0 0.5203125 0.5265625 0.1671875 0.1125
0 0.3359375 0.4140625 0.0640625 0.0546875
0 0.41484375 0.31953125 0.2015625 0.075
0 0.63359375 0.353125 0.29375 0.1140625
0 0.69921875 0.4640625 0.1484375 0.0984375
0 0.7890625 0.49453125 0.078125 0.05625
0 0.7203125 0.52734375 0.0546875 0.05
0 0.74140625 0.7109375 0.096875 0.0921875
0 0.834375 0.63359375 0.06875 0.0625
0 0.78515625 0.784375 0.06875 0.0875