0 0.1296875 0.59921875 0.2171875 0.221875
0 0.1375 0.71640625 0.15 0.1171875
0 0.5609375 0.85 0.36875 0.2859375
0 0.38984375 0.6296875 0.0609375 0.0546875
0 0.5265625 0.5359375 0.128125 0.065625
0 0.759375 0.69375 0.0828125 0.078125
0 0.70625 0.45078125 0.109375 0.0671875
0 0.79609375 0.4859375 0.0578125 0.0390625
0 0.72265625 0.5265625 0.0390625 0.034375
0 0.62578125 0.35390625 0.2375 0.0703125
0 0.384375 0.31953125 0.1734375 0.053125
0 0.340625 0.41640625 0.053125 0.0390625
0 0.04375 0.89296875 0.084375 0.2140625