0 0.3719859685729778 0.8075969220115462 0.48399843424145306 0.37453126788018165
0 0.8082552624105059 0.7207846144770634 0.33778702191650967 0.5185132854311589
0 0.5879321079434453 0.6101666778840409 0.08532537799792798 0.0898641335443795
0 0.45941546381546683 0.4882953410535915 0.19895553846084474 0.15090458511458973
0 0.673610704509842 0.39546166871284094 0.0780565334984459 0.06780727711788873
0 0.6123714516143578 0.28645639324430483 0.22704199710451595 0.11739340314042072
0 0.38037658891791076 0.29242656307777304 0.3295891083532208 0.1749906059642723
0 0.2888183275453712 0.3988560709953318 0.1762072431755744 0.13151808762187223
0 0.18958030686720678 0.41890780971256075 0.09241013192686945 0.07446645407749272
0 0.25309484326113696 0.46231081723440803 0.0669007096771285 0.06280152837152997
0 0.19283577771198696 0.6505298827529566 0.1207919971045159 0.11430184389007855
0 0.11368127874544424 0.55764971245727 0.08481595574818704 0.0789266335443795
0 0.1317848076957763 0.7217433046979959 0.09066784946188075 0.10406302586424747