0 0.121875 0.53359375 0.24375 0.2546875
0 0.10546875 0.65 0.1671875 0.140625
0 0.4984375 0.84140625 0.4125 0.3171875
0 0.36875 0.60859375 0.0703125 0.065625
0 0.51953125 0.53984375 0.1375 0.0875
0 0.721875 0.7359375 0.09375 0.090625
0 0.71171875 0.4875 0.1203125 0.0859375
0 0.79375 0.5375 0.0640625 0.0484375
0 0.71484375 0.56484375 0.04375 0.040625
0 0.64921875 0.378125 0.246875 0.1109375
0 0.4171875 0.30234375 0.1796875 0.08125
0 0.3578125 0.38984375 0.059375 0.0484375
0 0.02109375 0.8078125 0.0421875 0.225