0 0.8792803907370225 0.6674031094618359 0.21525189311129084 0.32379740496334897
0 0.8980039955141604 0.8041436387949311 0.14089308762187222 0.17981817599857094
0 0.46481575930421404 0.8686239498837844 0.5034505750854599 0.2627521002324311
0 0.6375498803121811 0.7154753506597595 0.0898641335443795 0.08736859604505724
0 0.473871476709542 0.6100890921097848 0.17050637978345567 0.1257533888718058
0 0.2155719287419708 0.7971309981584146 0.12050637978345566 0.12225704827463009
0 0.26054241409398743 0.5161048732844653 0.1485404515702104 0.12109873986054147
0 0.16069552678868432 0.5576589527337761 0.07994356426490726 0.06796303218308672
0 0.24703619206980593 0.6036212987788332 0.0546253155185485 0.055277361884498964
0 0.3468101861973112 0.40314568739853734 0.2982054824490228 0.1736660010084062
0 0.6221117145688411 0.35820380003934094 0.2172904515702104 0.12590620818165768
0 0.6791764053184988 0.4686603348203178 0.07525606426490725 0.06763525025210164