0 0.9245702602270722 0.6537398709477532 0.15085947954585563 0.27199555113509033
0 0.9424184959386768 0.7896364606393277 0.11516300812264646 0.14787621266133186
0 0.4941787769104321 0.8588378429412806 0.4608710700661568 0.2749059115229464
0 0.6938406512801782 0.6715348916440345 0.07824496832111638 0.07003185633066593
0 0.5393338317182247 0.5537724675358913 0.15924359604505725 0.09017280681713338
0 0.26906452640622897 0.7157129545469524 0.10989915990702759 0.09867505357072251
0 0.3352094244090871 0.4423515466741589 0.13736859604505716 0.08979097727182861
0 0.23192588728232177 0.4754425105533068 0.07224634059717552 0.05120003571381489
0 0.3145469991668207 0.5271901968363146 0.04982503737886681 0.04300570616851011
0 0.42966998257107425 0.3390162666423867 0.2854454631253363 0.10954218993316048
0 0.7067023761344571 0.31853657670922625 0.20858803218308672 0.08167056006354416
0 0.7545767834435944 0.43268485146599256 0.06744957995351371 0.04955571509696384