0 0.845561565245095 0.630143295215416 0.24822151336727102 0.2557097118153475
0 0.8200064872295048 0.7455507428787145 0.16722495735199913 0.141354964665139
0 0.3801258272199598 0.826082536000451 0.4085237613780889 0.3391067061157642
0 0.5839155405792767 0.6299848667381592 0.06791475334181776 0.06406380642076392
0 0.462559255927776 0.521120972645833 0.13690111067790856 0.08597648043270852
0 0.2087791805776859 0.6504318386214928 0.09322383601209036 0.09120818787965276
0 0.2974256992759572 0.41561912110656224 0.1181329293443631 0.0839775693385418
0 0.20342116060632093 0.43967617657739566 0.0630454400063634 0.04832970364722229
0 0.27001776726609406 0.4888936201566317 0.044204533338636054 0.040080792553055744
0 0.39216658195418397 0.3282808156357288 0.24651246801399934 0.10883471181534743
0 0.635916581954184 0.322607471411562 0.18057838534372692 0.08074477298576407
0 0.66442229527373 0.4234789871791314 0.05833975867281786 0.04665810087368065
0 0.885384944541733 0.8994556864579506 0.1159169960216353 0.16202983415618064