0 0.5498857948435554 0.848745483460174 0.3133631286706061 0.2626285483856421
0 0.6822245796899457 0.8784607545526232 0.1749156983633867 0.18442215756743252
0 0.8632638255984123 0.4293403961994023 0.25764887512722723 0.49870728949430204
0 0.6558456512816428 0.5840772078196108 0.08263393992586625 0.08808650496239885
0 0.5878471633473603 0.409409001657139 0.11348712504240907 0.1675214478903042
0 0.8317236820364998 0.17107628598415459 0.11330358656782166 0.11759422249740999
0 0.5426066183341691 0.1861020882987382 0.1097073606144388 0.14862589867609244
0 0.6075719086228549 0.09025874131805682 0.06204862141421188 0.07932793507002259
0 0.6324776501853344 0.18113629839015138 0.050238102176918174 0.053818512820281585
0 0.4105455972827768 0.2601111306885244 0.1477034123358701 0.29859166542531546
0 0.3035862360353659 0.5310657936326404 0.1089831635169964 0.21723034946188058
0 0.40102174202581564 0.5998457187778656 0.061830366604888456 0.07307793507002262