0 0.5603087053316661 0.1777728913692958 0.5237424106633322 0.33470244844820474
0 0.9143028006204187 0.3623339521612198 0.17139439875916268 0.5639236346610559
0 0.7351822912372646 0.4161236071558777 0.09583665990702758 0.09998513103285873
0 0.5586522782478144 0.4995834039831676 0.22030106436617344 0.1635615361123346
0 0.7643827442231423 0.6665328349233591 0.08783848960843983 0.07476687622353531
0 0.6640163934865081 0.7581077213136955 0.2520538089182919 0.12726193756361343
0 0.4119515129125756 0.6752679063454202 0.37037747402109955 0.19218258783376604
0 0.34446944594851214 0.5349677993591786 0.1956616972858944 0.145555580577372
0 0.24337148567316746 0.48233881796350014 0.10390053218308673 0.08156251324684405
0 0.32588905473091795 0.45872275788936634 0.07490144703379294 0.06808036660488845
0 0.31627983590559855 0.2432887308475243 0.13497556956195353 0.12473215988879938
0 0.2012118468013618 0.31408732576804843 0.09496257475773362 0.08748513103285874
0 0.27082558825138703 0.15051838828925293 0.1015075056999832 0.11421132213985134