0 0.64375 0.8234375 0.075 0.20625
0 0.48984375 0.73515625 0.0734375 0.1046875
0 0.45859375 0.48828125 0.0953125 0.253125
0 0.7375 0.6078125 0.065625 0.1171875
0 0.790625 0.8703125 0.0625 0.065625
0 0.8265625 0.96328125 0.0625 0.0734375
0 0.81875 0.68671875 0.0234375 0.0578125
0 0.74453125 0.3859375 0.034375 0.0703125
0 0.8515625 0.46484375 0.075 0.1578125
0 0.8265625 0.27890625 0.1203125 0.209375
0 0.96015625 0.121875 0.0796875 0.2359375
0 0.353125 0.7609375 0.071875 0.1484375
0 0.32421875 0.91953125 0.078125 0.1609375
0 0.20078125 0.9109375 0.0375 0.0578125
0 0.475 0.88515625 0.1328125 0.2296875