0 0.6680480714804136 0.8491034942605193 0.13015666560701078 0.2111768438900782
0 0.4849349227212508 0.8029739550019297 0.11074039406758569 0.1342051669304741
0 0.4245319263275471 0.5295113744396864 0.17443082551403838 0.3091429824490227
0 0.7575850909261517 0.6055831633025646 0.10536447921687966 0.1465233105039836
0 0.8441135447452085 0.8845228540522223 0.08627598960843982 0.0742391335443795
0 0.8577546997085574 0.6782955861055335 0.04397922896477802 0.07144910266556703
0 0.7425274455211837 0.3526316595416409 0.059134335401395434 0.08748327962517113
0 0.8742748362345747 0.4197473002121563 0.12750155917039335 0.19550637978345567
0 0.8262518715197545 0.21453461447706354 0.1915747668478481 0.2644215158351176
0 0.33038418051492097 0.8612674912910183 0.12215849530842302 0.1859949874635877
0 0.30727482642409215 0.9687533823572452 0.10127827673520509 0.043489238717229026
0 0.47677857927408374 0.9084654370552411 0.18403578243518837 0.1566090158351173