0 0.11696526195879371 0.2890256176828344 0.23220620636839734 0.12785333098930565
0 0.15159599816383218 0.4770159761922866 0.14148561151914843 0.10702268052176755
0 0.4089145484633946 0.5676626603282914 0.31326475879399174 0.16424534894328674
0 0.36908561347600244 0.23289729576871498 0.15191292848861027 0.10083631303532484
0 0.10312538681386166 0.11418924414626752 0.09438747091226492 0.08488406010845861
0 0.3106987707527854 0.12547568120913857 0.0735011439408634 0.03947156615858276
0 0.6115443093834182 0.27599681421367517 0.08883910151720861 0.05517837939029935
0 0.5617032902976227 0.1404138382177803 0.2020085233378591 0.12143061416679299
0 0.7551824812040686 0.20956731743512905 0.27417030788560603 0.18275899960721648
0 0.9092478410562272 0.11106111886118478 0.17130065727678315 0.10875789734428025
0 0.0870704678681491 0.6218972050168519 0.1741409357362982 0.11510789129415606
0 0.06640689468976943 0.47139775614832014 0.13281378937953886 0.17907948770335977