0 0.7920858401960187 0.1984375 0.1946825613400783 0.1609375
0 0.9064558750424091 0.4765625 0.18708824991518186 0.303125
0 0.8428323738612826 0.72421875 0.31433525227743464 0.4796875
0 0.7275645933608796 0.81171875 0.08496033175849824 0.10625
0 0.6182069515282477 0.78984375 0.11212303248413776 0.1234375
0 0.5550050578815171 0.725 0.1445734339354164 0.1578125
0 0.6443428324762884 0.55390625 0.14597224282842375 0.153125
0 0.6688442915546303 0.33828125 0.11713791469812271 0.1328125
0 0.627914212791357 0.1953125 0.1807837524470708 0.165625
0 0.583296138837407 0.05859375 0.13846727767481415 0.1171875
0 0.42696429328391083 0.05625 0.09449902286549072 0.1109375
0 0.39373018574951496 0.20078125 0.10458335099579186 0.13125
0 0.5122049111547436 0.371875 0.13725200725639403 0.171875
0 0.39898565934064517 0.32890625 0.09504465988879929 0.1265625
0 0.3697768528947084 0.49921875 0.095153787293461 0.1296875
0 0.4570362946346732 0.6265625 0.05952382213985139 0.09375
0 0.4104366023465543 0.7015625 0.09542660580511537 0.1375
0 0.5502158980775358 0.9234375 0.050674611795565025 0.0640625
0 0.6215923902729875 0.95390625 0.10467263103285873 0.0890625
0 0.3119271804768554 0.721875 0.09126489546082901 0.1078125
0 0.30963301577873265 0.5890625 0.10329366950744615 0.1390625
0 0.2572197999921507 0.43046875 0.04943949400955017 0.0734375
0 0.24908240697839243 0.48828125 0.03543155771188111 0.075
0 0.23289686787083289 0.315625 0.07887402286549072 0.1109375