0 0.25234375 0.828125 0.134375 0.1671875
0 0.54765625 0.90390625 0.275 0.1734375
0 0.78515625 0.82109375 0.4296875 0.3328125
0 0.8375 0.63828125 0.096875 0.0640625
0 0.7984375 0.5359375 0.1078125 0.090625
0 0.7234375 0.48671875 0.140625 0.1140625
0 0.57265625 0.61015625 0.134375 0.11875
0 0.3671875 0.67890625 0.11875 0.0921875
0 0.22109375 0.66796875 0.1390625 0.1515625
0 0.0703125 0.65546875 0.1171875 0.1140625
0 0.05078125 0.50078125 0.1015625 0.0734375
0 0.18671875 0.4375 0.11875 0.0796875
0 0.37265625 0.51875 0.15625 0.10625
0 0.31171875 0.41640625 0.115625 0.071875
0 0.471875 0.35234375 0.11875 0.071875
0 0.6109375 0.41171875 0.0859375 0.0421875
0 0.6765625 0.35 0.1265625 0.0671875
0 0.91640625 0.440625 0.0578125 0.0390625
0 0.9609375 0.50546875 0.078125 0.0890625
0 0.67890625 0.25 0.0953125 0.0703125
0 0.54921875 0.275 0.1265625 0.078125
0 0.3859375 0.25625 0.06875 0.0359375
0 0.440625 0.23671875 0.071875 0.0203125
0 0.2703125 0.25625 0.1015625 0.0578125