0 0.3335420118629981 0.06588839060400839 0.1889590237259962 0.11786476458147636
0 0.6866351783649008 0.07538202870073432 0.3357703567298017 0.12057589060400839
0 0.8350435034600411 0.21334033293651172 0.3299129930799179 0.3221383906040084
0 0.9632387821289532 0.3809717653063922 0.0735224357420936 0.09937552586424747
0 0.9264928337638334 0.4905453421077118 0.14701433247233311 0.13396112602253202
0 0.8322831897707884 0.5283061033904829 0.1973737015966055 0.17117162100796718
0 0.6765876522046279 0.34586201326132815 0.18968853558899426 0.1740693004748537
0 0.4471800420147849 0.2119941639609734 0.16641286167271777 0.13905780298213619
0 0.27369612106425784 0.18665788017916712 0.20540637749004845 0.2151034774344578
0 0.11290320110231392 0.1663728092503423 0.12805069863085597 0.15510870031656912
0 0.07012940517037733 0.34226170783841653 0.08682352076024666 0.10084709765100212
0 0.1913915929268184 0.44567151583511755 0.16115235870696817 0.12485891066226813
0 0.42438316505620904 0.39938886388183115 0.21274403361182798 0.1653762620741938
0 0.3349625207974277 0.5029110174844702 0.15601918973360734 0.11378501834240015
0 0.5121072940291324 0.6180910512662765 0.15914418973360753 0.11387594655564541
0 0.686360536120467 0.5857057632613282 0.11373884783255335 0.0719779515702104
0 0.7524258879073529 0.6750243275262353 0.16682935574121877 0.11097826708875883
0 0.7376696626219322 0.7916435261934518 0.13082818874502422 0.10837009263643722
0 0.5891884002646426 0.7287988822242312 0.17052735870696817 0.12513169530200424
0 0.39405231380079575 0.7082948509497073 0.08985567885919252 0.06035848997087019
0 0.45482798771707245 0.7443974870013692 0.08915534190105419 0.04317098997087001
0 0.25781372486549115 0.6777997057268454 0.13650518577927465 0.09448944906292792