0 0.2990332966524778 0.9665566599046838 0.16282725292686617 0.059086448050835474
0 0.4664616911680876 0.9222321412369971 0.203934041958086 0.14260806006354443
0 0.5999696036376785 0.8003826404262184 0.13052381303532493 0.14601370373287814
0 0.6835855586545303 0.9293786193229 0.1677056504675381 0.09198076866768616
0 0.85125484768575 0.8436478506552136 0.09277837334017533 0.10317163879807012
0 0.7577189920049682 0.6742041497617093 0.10685905405833437 0.10654210064862309
0 0.40830025410521664 0.7146747857171103 0.11464428298109546 0.10199096834337489
0 0.2520360976857501 0.8541072528426691 0.08973518657189175 0.11717959172016953
0 0.5154320189359396 0.5612576850684871 0.09102497579950324 0.07033186525911965
0 0.24009113047045388 0.6246515779237469 0.11151928298109555 0.10193642126547413
0 0.099765070558387 0.8442664228903272 0.10387949980360826 0.13148755357072234