0 0.09909529946633977 0.6279782232145138 0.15617038144438117 0.23154355357097245
0 0.23014100551156957 0.8118239335112498 0.12441636266130089 0.14182643692972227
0 0.24639872239403324 0.6542653534391318 0.12256470258518863 0.1730037017473613
0 0.30544877574034357 0.5105685984051387 0.12301568874502422 0.10745143692972228
0 0.15189535281265015 0.484426938545243 0.11542336463846717 0.150983231382639
0 0.08095681722365586 0.3171680097836458 0.11296952669174569 0.12907186379145844
0 0.03187603558899428 0.16816811854111108 0.05725803756616064 0.17928876291777782
0 0.18742965171033626 0.3201637635833679 0.08586851581733076 0.07692748233256949
0 0.35504557463802966 0.3459781151226386 0.08787668479069151 0.08790134992375007
0 0.4373274699225753 0.6380915735195136 0.0818813527754692 0.09400587955902787
0 0.37610742151918075 0.8052985637358677 0.09817751482874763 0.0725309230620141
0 0.5250755262346353 0.5078027018442703 0.0561173488211363 0.07467399810013901
0 0.564504076652377 0.7461742176118398 0.0850063527754692 0.09407861474138901
0 0.436206616195704 0.9368381980445483 0.11845552273741297 0.11046733415618064