0 0.43984375 0.925 0.209375 0.14375
0 0.24375 0.8140625 0.121875 0.1015625
0 0.3921875 0.77421875 0.1546875 0.09375
0 0.521875 0.6953125 0.0890625 0.1046875
0 0.56796875 0.83828125 0.1328125 0.090625
0 0.73828125 0.88046875 0.1109375 0.090625
0 0.88984375 0.94453125 0.1640625 0.1109375
0 0.71953125 0.778125 0.0625 0.0734375
0 0.671875 0.621875 0.0765625 0.0734375
0 0.38046875 0.5890625 0.0828125 0.0671875
0 0.2296875 0.6734375 0.0578125 0.0859375
0 0.49375 0.484375 0.0671875 0.04375
0 0.259375 0.484375 0.08125 0.06875
0 0.08359375 0.6375 0.1171875 0.096875