0 0.459375 0.58203125 0.16875 0.1046875
0 0.33671875 0.60625 0.0734375 0.059375
0 0.640625 0.65546875 0.1515625 0.125
0 0.56328125 0.55625 0.04375 0.059375
0 0.44296875 0.5203125 0.03125 0.0359375
0 0.65859375 0.54921875 0.1234375 0.0734375
0 0.58671875 0.41640625 0.20625 0.109375
0 0.66484375 0.31484375 0.215625 0.0828125
0 0.3203125 0.39609375 0.096875 0.084375
0 0.19609375 0.40625 0.0875 0.05
0 0.19921875 0.46015625 0.125 0.059375
0 0.14765625 0.521875 0.1 0.0828125
0 0.06796875 0.4265625 0.0921875 0.0625
0 0.08671875 0.47265625 0.059375 0.034375
0 0.38359375 0.48515625 0.0734375 0.034375
0 0.35859375 0.5234375 0.0390625 0.0453125
0 0.3046875 0.50546875 0.0609375 0.0515625
0 0.83984375 0.48046875 0.265625 0.14375
0 0.846875 0.36328125 0.14375 0.1125
0 0.66484375 0.25078125 0.0828125 0.0609375
0 0.82421875 0.27421875 0.2 0.0875
0 0.91953125 0.56640625 0.0625 0.0625
0 0.88828125 0.5984375 0.0453125 0.053125
0 0.96328125 0.2578125 0.05 0.0375
0 0.878125 0.24453125 0.0421875 0.040625
0 0.81796875 0.22578125 0.0546875 0.0296875
0 0.79609375 0.19765625 0.0375 0.021875
0 0.71875 0.1953125 0.078125 0.0421875
0 0.690625 0.15703125 0.0515625 0.025
0 0.22578125 0.2921875 0.125 0.084375
0 0.06640625 0.3359375 0.1328125 0.146875
0 0.52421875 0.32265625 0.0421875 0.040625
0 0.5453125 0.2171875 0.0859375 0.0515625
0 0.45625 0.19296875 0.1109375 0.0578125
0 0.4109375 0.42265625 0.06875 0.0453125
0 0.94296875 0.20546875 0.1140625 0.071875
0 0.8265625 0.15 0.06875 0.040625
0 0.809375 0.11875 0.0578125 0.025
0 0.68671875 0.12265625 0.0390625 0.0296875
0 0.765625 0.15859375 0.0484375 0.0296875
0 0.95625 0.121875 0.053125 0.03125
0 0.97421875 0.16875 0.0515625 0.0515625
0 0.06484375 0.23984375 0.090625 0.0515625
0 0.19921875 0.18984375 0.31875 0.121875
0 0.6078125 0.159375 0.075 0.0328125
0 0.6046875 0.20703125 0.03125 0.03125
0 0.4921875 0.74453125 0.1921875 0.19375
0 0.225 0.82890625 0.1046875 0.1171875
0 0.25703125 0.6890625 0.084375 0.0875
0 0.91171875 0.65234375 0.06875 0.034375