0 0.4724250917263215 0.377514800457066 0.19790542093374786 0.1338785020669146
0 0.3399087233387049 0.34843523015040506 0.08837923151356133 0.07267982878371626
0 0.6701653707361038 0.3025018761404104 0.18199199459715382 0.1549529813887502
0 0.5854557127447741 0.40828530335255014 0.055475726251889415 0.0695890620344933
0 0.4535910627165392 0.44419503226010093 0.039866136803468066 0.04237159057054054
0 0.6886640127306566 0.4183623165871165 0.14424979991529535 0.09553944003242129
0 0.6084367283886152 0.5607553318885974 0.239076452503779 0.14514564185166687
0 0.6925148677523321 0.6727779888368575 0.24681335779368574 0.11745728949430187
0 0.3186839836502871 0.5758175215067339 0.11823333148532651 0.1036772717116218
0 0.18468841524855306 0.5616908631107318 0.10033319994353027 0.06388702564056317
0 0.18835247056669466 0.5035508773787555 0.1449022472985769 0.07998721463952715
0 0.13269473379146143 0.4356399394132488 0.12135833148532651 0.10382282092583353
0 0.064163812645952 0.536752983250777 0.0699022472985769 0.0764940334984459
0 0.06676589690328875 0.4872795221259064 0.06964464206513994 0.04531680810555194
0 0.3891414258424839 0.4808817030620999 0.08526964206513998 0.046044554176610394
0 0.3624200311465081 0.43904095947224064 0.04840667889684287 0.05523546360606986
0 0.3031738337632266 0.4574677818458161 0.0722992052052021 0.06413958271265763
0 0.8654030050499102 0.4970202018237548 0.2691939899001795 0.19031690074300708
0 0.8902852388413717 0.6251815891273077 0.1717979472421071 0.14045383374611511
0 0.6918771018967294 0.742527562658175 0.09949874203690498 0.0763142510334573
0 0.8653223071725187 0.721131943965872 0.22980786831702957 0.11978176881613756
0 0.96674569717152 0.4067162253974034 0.06650860565695993 0.07685790653397521
0 0.9389146417122041 0.3706717175395205 0.0582367052052021 0.06348461124870494
0 0.9925860377941851 0.7419259793263449 0.014827924411629922 0.04571491439185813
0 0.923710930821807 0.755230808110061 0.05273015785015574 0.049203787427387444
0 0.8574334834385257 0.773985116215613 0.0630306210184525 0.03877570967712849
0 0.8340715781486189 0.8032745099293066 0.043734589448421346 0.02852741439185813
0 0.7495145676252751 0.804079338713023 0.09059417889684288 0.05720037799792799
0 0.7181959491670714 0.8447064927657989 0.05963260523343692 0.03394266046291676
0 0.21549734144397284 0.687161744004144 0.14801183674699833 0.10662248924663302
0 0.07775514676211441 0.6356078602152477 0.09089655773721601 0.16940927956950452
0 0.5398603046122699 0.6610871257261256 0.052730157850155376 0.049203787427387444
0 0.5614384439759867 0.7760207669586199 0.10051521046687384 0.06701202564056316
0 0.46413850974688486 0.8001368172062889 0.12909523677523324 0.0761344685684687
0 0.41823666261771714 0.5500298093484062 0.08131018415851461 0.05832623035529281
0 0.9635317219879933 0.7988866087720148 0.0729365560240133 0.08895980024766903
0 0.8661175096762979 0.8558344296978483 0.08094616311182748 0.05207623035529281
0 0.8469348701714065 0.8896293868937774 0.06597361049510866 0.035796258891340214
0 0.7141300754471958 0.8824975911942221 0.04575211575678075 0.036412688998964174
0 0.799673462321251 0.8448284631962943 0.056689615756780574 0.036922111248705036
0 0.9876247929852697 0.8902735880938504 0.024750414029460543 0.03826628742738762
0 0.9971783153826687 0.8396550039334507 0.005643369234662643 0.05926799214211727
0 0.06574724140162054 0.7387885181969651 0.0488617052052021 0.06304796360606986
0 0.20385345713016637 0.7965924019858613 0.3230720209055131 0.16931519602827727
0 0.6278516702278762 0.8402972826743855 0.0852696420651398 0.046044554176610575
0 0.6256297465927052 0.7886983953708327 0.03803062101845249 0.03761131596343468
0 0.5100252603115821 0.20263892494033736 0.23645125241907436 0.23384426881613757
0 0.22144163147120904 0.10327474152294461 0.12979245776545084 0.14161391935425688
0 0.25388865237672215 0.2568706224163567 0.10269933674699834 0.10451202564056317
0 0.9621268156297237 0.31307538730806217 0.07574636874055259 0.045826230355292805