0 0.5667623366466465 0.5101065185060673 0.20082722267624523 0.15851335697722052
0 0.7034538155694076 0.5165792722990892 0.0910795179539809 0.08552265394280312
0 0.38330896633153344 0.38502741486282666 0.18531130698520054 0.17598789940087523
0 0.45041517398066394 0.5107606095622944 0.056668156517662285 0.07646664727484324
0 0.5741981076256895 0.5802117244154227 0.040879530054229465 0.04706618969849785
0 0.3464589270057261 0.49368506667959783 0.14590337334017517 0.11342425546001174
0 0.4020554629136878 0.6543991681968065 0.2415158551898026 0.17276704667571838
0 0.30105201999708436 0.7422024439505617 0.246048819085449 0.14658718394862208
0 0.6868213483541113 0.7447999960862919 0.11937723477649378 0.11750597758022466
0 0.8220366856881289 0.7659889541216792 0.10352497579950323 0.07716802000387943
0 0.8279412520431034 0.7071241371522173 0.14581246974937906 0.09779925546001174
0 0.8940111587571575 0.6547323318516851 0.12249314441741391 0.11619856909549373
0 0.9462372549699698 0.7730038418536248 0.07545451795398109 0.0842471963664579
0 0.9514151134794219 0.7234502520053457 0.07058521077238851 0.05261455909355419
0 0.6330736587571576 0.6334321903267177 0.08622839149054773 0.05701501666989941
0 0.6664492401392468 0.5986744241158602 0.05188975292686617 0.06045901000193972
0 0.7220861617822196 0.6321085485118862 0.07381929508134384 0.0716196506088231
0 0.1490617522394952 0.5220817783388291 0.29336015632127066 0.2254135566776581
0 0.11306568578632481 0.6433032030344175 0.17585449375348405 0.1611601248550681
0 0.29051449579658756 0.8100596236471199 0.10046360831306042 0.08785042848861017
0 0.12223667358788053 0.7432234547014074 0.23199540944452868 0.14700177212991114
0 0.06796576746300156 0.4077006718206505 0.07857951795398088 0.0845022878817268
0 0.10686009582002862 0.38198306576151386 0.058194295081343925 0.07034419303247778
0 0.05987302897407478 0.761559124396026 0.053415891490547776 0.05433655575957417
0 0.12098779097612733 0.7970021589437728 0.06430793969514967 0.047416876063016034
0 0.14071448369633913 0.8321902309142046 0.043931807181592356 0.03482128121376675
0 0.22362243246667507 0.8553564060688348 0.09097043364502548 0.06677265394280311
0 0.24732355287998403 0.902582092433353 0.05958407825883123 0.04078423879011232
0 0.7719372126191002 0.8790312169985569 0.15065450585373236 0.12474439273291545
0 0.921015062053366 0.866993086852655 0.1088124394987581 0.18067565727678314
0 0.4542679235878805 0.7703269281987462 0.05341589149054773 0.05433655575957417
0 0.4142792487234538 0.8763857385002481 0.10197156615858276 0.07860297424624463
0 0.5067076432390636 0.9253171882006859 0.13016019867214013 0.09183629788366651
0 0.5928122731203423 0.6926160006282198 0.08160452400410509 0.06756987939699588
0 0.027260516873826378 0.7932556634857008 0.04584883118569745 0.09588632697140156
0 0.09958094446872764 0.8756852683368894 0.08156816256778661 0.0613198793969957
0 0.11307581790709867 0.913488157276783 0.06584316861791084 0.042856921820650484
0 0.24598376667743463 0.9407357966757186 0.048664758976990366 0.04301641848667046
0 0.16677298964826745 0.8819509859151744 0.05804884933607006 0.04534419303247787
0 0.9185036612912404 0.9683260057741216 0.06756929508134384 0.06334798845175663
0 0.774880926318355 0.9438287168293791 0.34937380698520054 0.11234256634124193
0 0.33724002575262096 0.9224159734973387 0.08778180113146812 0.055580062427534216
0 0.3486587939029936 0.8718100666795978 0.039289758976990455 0.0422511439408634
0 0.5578999001729507 0.3290000397178946 0.24203400565734084 0.2618295466757184
0 0.8607612797596417 0.30843141669899443 0.13364881303532491 0.1545913893989354
0 0.8030083879745064 0.44817970078769936 0.10687723477649343 0.11648561151914834
0 0.09009477663638374 0.3189250853063513 0.07996930113146813 0.054942333639361254