0 0.77443337336134 0.45002302075842654 0.4510239926336583 0.9000460415168531
0 0.44146732609511596 0.26031774311926015 0.09460194183801285 0.1092177580585183
0 0.42289800653316245 0.3815187998581953 0.06383254307885 0.15777283524981467
0 0.40094550494367853 0.07362767888745449 0.0678209205506894 0.10376884043361098
0 0.36307380036831705 0.03321959347298642 0.09718063861970405 0.06643918694597284
0 0.2819659120007145 0.05682761550412061 0.07356817599857095 0.11365523100824122
0 0.26453457743249836 0.6585972926481487 0.09170617080279087 0.1788467528747219
0 0.31374724563739914 0.4656094188026859 0.042525989608439826 0.07515582488222208
0 0.3260062170606086 0.2680898698394451 0.03885468639013112 0.06706992280870364
0 0.3151558343929892 0.17896858124379694 0.06855289406758569 0.13644463939685175
0 0.3737231791775387 0.45182102940583413 0.03533620248167448 0.10558561866166656
0 0.48820167037546236 0.6801818923180566 0.05808528763096845 0.11999943317629622
0 0.3945502233416695 0.7535988514133342 0.11673902179152655 0.15929567049962934