0 0.44453125 0.796875 0.8875 0.40625
0 0.28515625 0.453125 0.09375 0.0796875
0 0.39609375 0.44375 0.1421875 0.0484375
0 0.10859375 0.403125 0.090625 0.05625
0 0.04765625 0.36484375 0.0953125 0.084375
0 0.06640625 0.29140625 0.1328125 0.059375
0 0.63984375 0.31484375 0.159375 0.0734375
0 0.46484375 0.34765625 0.0671875 0.034375
0 0.2828125 0.34609375 0.059375 0.03125
0 0.19921875 0.33046875 0.121875 0.0546875
0 0.45703125 0.40234375 0.0953125 0.025
0 0.678125 0.5234375 0.10625 0.046875
0 0.7390625 0.44140625 0.1375 0.096875