0 0.20481159983454894 0.45583288524403187 0.4096231996690979 0.9116657704880637
0 0.5307626249983524 0.24368845100983116 0.10678756249917623 0.12092155405833438
0 0.5283115551922802 0.37178617993259233 0.0795353157455871 0.1707579275949013
0 0.6095210503243116 0.05666569486151111 0.07663641233702041 0.09418633723582166
0 0.7392767341716875 0.06132644466511937 0.07778980925276535 0.07075792759490127
0 0.6468020511317951 0.6708827309658647 0.10963191882984216 0.1943681444174139
0 0.6299343307598255 0.46533671291368783 0.051445497564368024 0.08310339149054773
0 0.6536370633099551 0.25690204419758117 0.04500458279171564 0.07212953005422928
0 0.6816881509729347 0.1633247610200939 0.08225121266133187 0.1473386083130605
0 0.5679155718313718 0.447790143730043 0.04258869480442442 0.11273634933607006
0 0.4025162629823482 0.6835225897699044 0.06942393019392785 0.12851588544042353
0 0.48909073700776595 0.7652680143397436 0.13425008928453758 0.17263859016268784