0 0.62109375 0.87578125 0.075 0.0640625
0 0.084375 0.9265625 0.1046875 0.0890625
0 0.478125 0.79765625 0.071875 0.1125
0 0.34765625 0.97109375 0.0546875 0.0421875
0 0.4 0.896875 0.0390625 0.0453125
0 0.31796875 0.6921875 0.0578125 0.046875
0 0.37578125 0.73671875 0.0625 0.0640625
0 0.6265625 0.6640625 0.0765625 0.0703125
0 0.56953125 0.71875 0.09375 0.053125
0 0.50859375 0.6515625 0.0375 0.034375
0 0.40546875 0.64921875 0.040625 0.0359375
0 0.58125 0.60703125 0.090625 0.046875
0 0.70234375 0.6203125 0.03125 0.0265625