0 0.3698487134825287 0.08860140377362517 0.09498245850815117 0.08539510818516853
0 0.9362209199160875 0.0004479574071674819 0.06818316016782511 0.0008959148143349638
0 0.5282280533147035 0.15020909922199896 0.097327131123531 0.13683006242753395
0 0.6158958419067673 0.028309362412986483 0.05090057178554268 0.056618724825972966
0 0.7062328089137809 0.23971865406348924 0.07156826929603195 0.06329696757828503
0 0.6424196852634271 0.20067187164177427 0.07923905933798814 0.08255715060882318
0 0.3622450879580751 0.3221473563490007 0.09545605518880329 0.0916451081851685
0 0.42569320393475907 0.2533018904377056 0.11134116431700995 0.07586061151914833
0 0.4930806908625045 0.3169022627076997 0.04682837842423861 0.04419628121376693
0 0.6083388379580751 0.3020588995215614 0.05175267676456467 0.04770391848667064
0 0.4123150203217172 0.378620754831792 0.1076241684661948 0.06779302000387935
0 0.2767919174172877 0.3842484857459965 0.03830548340326043 0.03418355242559432