0 0.5934000747577337 0.0672804959098719 0.08961951089576328 0.07745506175762477
0 0.04634475829787323 0.09180941528112163 0.08678944183801278 0.10388116943775674
0 0.4596038649865921 0.1690285155059132 0.09635011213660043 0.1291084899708701
0 0.29493544158591123 0.019600480008247288 0.05956067029858776 0.0266821719450392
0 0.3607514657232263 0.07639839779665139 0.048918101240837245 0.05288095909205777
0 0.31303985744502355 0.30089594411487 0.06955838317182242 0.058159492478152594
0 0.36406712588235546 0.24696095038307614 0.07701025025210155 0.07552884890464337
0 0.6377120755140384 0.2867519099373523 0.09474405347041034 0.08384145407749281
0 0.5685361045950319 0.23788015241550492 0.10771394703379293 0.068625631037097
0 0.5176945064562879 0.3168606102539214 0.04491901609154336 0.040290030878812465
0 0.4108107219274125 0.3332788836108864 0.04982503737886681 0.04355142319868044
0 0.6008401422260004 0.3528004587628534 0.10415190445914604 0.06228470282385157
0 0.72392808096192 0.32181958023303886 0.038122712873234835 0.03229567445232169