0 0.6746764799731843 0.30726321922652905 0.3265396287323469 0.33915670216805494
0 0.9132640965492602 0.5426273549001869 0.17347180690147965 0.3227320368522218
0 0.627756829372436 0.602985113807177 0.3022608945717888 0.3028678876534254
0 0.521010166615417 0.4590484775678713 0.19068997402109958 0.1952714181905552
0 0.5405842473252354 0.7277301270494917 0.15714550050420312 0.15972489745537005
0 0.46137807652244456 0.5617332716301398 0.17695525595208467 0.19872860885972193
0 0.3818330521330279 0.4358535682843062 0.13741215471124751 0.144021985014259
0 0.35766856847667283 0.5511559395378709 0.11266352698730664 0.1232214694628702
0 0.25325957392455445 0.59801996055588 0.12945754307885 0.16351427879370348
0 0.22011965597175517 0.4838009271440281 0.1083038089182919 0.12749886635259244
0 0.40808991351332385 0.33923284651236185 0.1534741972858944 0.1516389953818516
0 0.1873178636492098 0.5542692520262503 0.09114915990702759 0.10425685598499985
0 0.14427306797246972 0.42205207431657427 0.10764824505632146 0.11812386635259245
0 0.11454772712319265 0.30046003831282425 0.06876070767745461 0.0727922425071295