0 0.3015625 0.540625 0.2625 0.25625
0 0.36015625 0.89375 0.2578125 0.2125
0 0.56953125 0.63828125 0.2359375 0.240625
0 0.49609375 0.48125 0.153125 0.1515625
0 0.71171875 0.621875 0.125 0.121875
0 0.60859375 0.47890625 0.15625 0.1390625
0 0.5390625 0.35390625 0.1125 0.1078125
0 0.646875 0.38671875 0.096875 0.0890625
0 0.73203125 0.3203125 0.128125 0.0984375
0 0.65234375 0.2390625 0.1 0.0828125
0 0.446875 0.33046875 0.1171875 0.121875
0 0.72578125 0.24453125 0.08125 0.0703125
0 0.63515625 0.146875 0.0921875 0.084375
0 0.546875 0.06640625 0.05625 0.053125