0 0.5653678876534254 0.23551394128129735 0.3013053876534254 0.3070085835063884
0 0.9085144204996294 0.27289105334504804 0.18297115900074132 0.295759433741944
0 0.6888900278987489 0.5136205259654643 0.2832197689917589 0.27751657313879574
0 0.5161565739872677 0.44686083586194536 0.1785528098964811 0.17997860885972194
0 0.6818375284643967 0.6669601394433344 0.14300628916129607 0.14585788708777764
0 0.5227079532993507 0.5667338384538435 0.1647637119699997 0.18187329952888867
0 0.38404670301652677 0.5025038260600005 0.12771347983046272 0.13056507775694434
0 0.42690672921833206 0.6144768542880563 0.1044714694628702 0.11302626324231468
0 0.36289203883198934 0.710608851978982 0.11984219123481452 0.14693237153638866
0 0.2702172318102302 0.6321215584823615 0.09849487153638865 0.11560445909527761
0 0.3519970377006936 0.4061168416113895 0.14232278397749978 0.13804538708777764
0 0.2817397836481931 0.7098364553720838 0.08435445909527761 0.09576085080120364
0 0.17071551781398026 0.619571623279815 0.10093636635259244 0.10806536116879606
0 0.07807010509004528 0.5324222292648149 0.06314384043361099 0.06599543836009261