0 0.617968856095105 0.901644326808784 0.2887378045209029 0.13863620758582584
0 0.3143314437666673 0.730975385566629 0.26337674145062523 0.25558387569213786
0 0.622377720267813 0.5868308551864141 0.2481517849536113 0.2717700801956447
0 0.43914568654847264 0.5132896329457353 0.17623911094166686 0.19851425046142523
0 0.7486836874984032 0.4668514173403451 0.14404355357097245 0.15588665946843888
0 0.1845302685204518 0.49909193476375 0.1157730832062501 0.14783432757475107
0 0.27802438896142395 0.4148590322351414 0.1264560100679862 0.13759773442229636
0 0.38930607465687533 0.3553059546603903 0.12830945079743072 0.15019786397194573
0 0.5142508700597225 0.31130802591361995 0.12311280452090294 0.12802247532299765
0 0.6442468413743753 0.2826347085179016 0.0597399823325695 0.08651729333702489
0 0.5733699905006946 0.22927797347729645 0.0628649823325695 0.08671755243632351
0 0.534324367875521 0.16527483266888016 0.18110714247680554 0.1395397686600226
0 0.40630847064906267 0.17817295574012448 0.12416615824437507 0.10624760487264706
0 0.47436683320625017 0.11043594078072969 0.10200021751493064 0.09234579117755652
0 0.1783087975870487 0.09732917566445139 0.0559603656913195 0.05819203423772623
0 0.29318891517822926 0.09153215376522628 0.08328658510611113 0.09270673658176469
0 0.6348503915268751 0.11423516194167427 0.08837412860909737 0.11019462523071266
0 0.663431946047778 0.23289552437246047 0.091608231382639 0.11508238433001132
0 0.37541888050895833 0.031689036475636326 0.07031380642076393 0.06337807295127265
0 0.3453151128415279 0.11244662862679866 0.05181837955902786 0.08132914558877831