0 0.5435255614108115 0.7084838558899588 0.3289812944567007 0.34594919728454165
0 0.8991439371369372 0.5822415096635839 0.20171212572612554 0.3277415890993732
0 0.6187780026860872 0.387868724825973 0.3071405277074778 0.31147860243529263
0 0.4505973910230974 0.4980562810445891 0.194597678245597 0.2011154451585096
0 0.5808134681541839 0.22941836709984642 0.15556941149637388 0.16524184697528083
0 0.4321298732404171 0.3709516471056654 0.18068072745980873 0.20309253333979882
0 0.2995956631490039 0.4719556508986873 0.13914389081820958 0.1467788893989354
0 0.32264355727698235 0.3438148043824484 0.1148330955329393 0.1261157030344174
0 0.23553735545773674 0.2583872295370787 0.12907968610347992 0.16463606909549372
0 0.15414826840185283 0.36305849620697817 0.10716614474715103 0.1286029742462448
0 0.28501308643220213 0.579799972869119 0.1551327638537389 0.155866846975281
0 0.15021843961813655 0.2786834962069782 0.09208480024766903 0.10558006242753404
0 0.0608177994190995 0.3965562645438675 0.08961477171162173 0.11938747091226495