0 0.40524189281308765 0.25909792405869403 0.3102158942959624 0.3064445049793232
0 0.7030560158173308 0.05880106342241087 0.29361203163466154 0.11760212684482174
0 0.7017587485543062 0.3483299401260583 0.27832922433401847 0.2889993997458863
0 0.5347250988583175 0.43871826364828975 0.178878369581383 0.1818855787839034
0 0.8142189392764969 0.4561130770707006 0.14629136266130088 0.1472529735504665
0 0.6302232826604259 0.5145989532096508 0.18599053262324466 0.16515310509226264
0 0.48717096102532664 0.5785311925451326 0.13471719269935695 0.1309909367187636
0 0.6008315544092556 0.6196805663355954 0.11657468775644109 0.10655237884037305
0 0.6313559956257377 0.73458522951801 0.15439302273741298 0.11654900512049746
0 0.5068016645990985 0.7528031504517578 0.1193813527754692 0.09892188936371689
0 0.39076153463759217 0.5379432608762795 0.1369163626613009 0.14670694198043535
0 0.5743685079830275 0.7966371794615402 0.096997016805914 0.08514781570031094
0 0.43131884494116585 0.8221971635353503 0.1085075197716634 0.099847352532014
0 0.30032351292594334 0.8360916055157857 0.06654551285158128 0.06466871572854593