0 0.39140625 0.67109375 0.25 0.240625
0 0.69296875 0.88125 0.25 0.2140625
0 0.64765625 0.54609375 0.221875 0.228125
0 0.484375 0.48984375 0.14375 0.1421875
0 0.734375 0.4328125 0.1171875 0.115625
0 0.5609375 0.40703125 0.1515625 0.1265625
0 0.42265625 0.3703125 0.1078125 0.1015625
0 0.5203125 0.315625 0.09375 0.08125
0 0.53203125 0.2078125 0.1296875 0.0859375
0 0.41796875 0.209375 0.0984375 0.075
0 0.34140625 0.42109375 0.109375 0.115625
0 0.47265625 0.16015625 0.0796875 0.0640625
0 0.33984375 0.1578125 0.0890625 0.078125
0 0.2203125 0.16484375 0.0546875 0.05