0 0.09921875 0.640130405609793 0.1984375 0.2833858112195859
0 0.34140625 0.39661874804314595 0.2046875 0.23858349425012407
0 0.434375 0.6924889706224009 0.2203125 0.22423395182646946
0 0.521875 0.5418190330499348 0.1609375 0.15844971303635713
0 0.5265625 0.8234516703228383 0.1265625 0.12908120636839726
0 0.56484375 0.3187640413848845 0.121875 0.10369856909549373
0 0.6296875 0.41390094032671776 0.1140625 0.11399834030732112
0 0.66953125 0.5218408571463984 0.1234375 0.11476361485312836
0 0.69453125 0.639506589268551 0.1046875 0.11323306576151389
0 0.7046875 0.7598668866931755 0.0734375 0.05130715060882309
0 0.7609375 0.7050835339680187 0.071875 0.05586710485118864
0 0.8234375 0.6804978642734001 0.10625 0.16492311151914835
0 0.82734375 0.5651917286674865 0.0828125 0.11457242515463051
0 0.8796875 0.6366520115482434 0.0734375 0.0919321506088231
0 0.9265625 0.37641588427727946 0.046875 0.05070137272903601
0 0.91875 0.4789031554891068 0.075 0.07643469636645772
0 0.85703125 0.7769900980625426 0.0921875 0.07940019970043757
0 0.74609375 0.7843405992704906 0.0953125 0.08434279121570665
0 0.965625 0.5608545282181427 0.05625 0.06396664727484343
0 0.89375 0.5213936733669542 0.06875 0.047799513335919565