0 0.5609375 0.9078125 0.23125 0.184375
0 0.3453125 0.63984375 0.1875 0.16875
0 0.621875 0.58671875 0.1703125 0.1859375
0 0.4859375 0.4875 0.1203125 0.1375
0 0.74609375 0.51484375 0.1 0.10625
0 0.28125 0.421875 0.0765625 0.1046875
0 0.37265625 0.37265625 0.0859375 0.0953125
0 0.4734375 0.34765625 0.0859375 0.1046875
0 0.58359375 0.3375 0.0875 0.0875
0 0.69453125 0.3421875 0.0359375 0.0640625
0 0.64609375 0.2828125 0.0390625 0.0625
0 0.62578125 0.221875 0.1375 0.0828125
0 0.51953125 0.20546875 0.0921875 0.0671875
0 0.5875 0.1640625 0.0734375 0.059375
0 0.3484375 0.090625 0.0390625 0.0390625
0 0.44296875 0.11015625 0.0578125 0.0625
0 0.71640625 0.2015625 0.0578125 0.0796875
0 0.71875 0.30546875 0.0609375 0.08125
0 0.52109375 0.07578125 0.05 0.046875
0 0.48125 0.13828125 0.03125 0.0609375