0 0.8538986428485934 0.7891059781189945 0.2538310083132703 0.2419351507001803
0 0.5711389332943173 0.5154117500795418 0.38664350831327016 0.24348056405154317
0 0.1200106908161647 0.5758096166852263 0.19426212852981445 0.12721812269254434
0 0.3325514579049235 0.41572773404677055 0.23364287727617317 0.1386101560311804
0 0.2874101056350679 0.3018828627068618 0.1416539540774929 0.09068063868554459
0 0.3721237379258061 0.21064988271799762 0.15347199247815269 0.06738858935390812
0 0.5580672496042886 0.15888903007636013 0.1538811694377568 0.08145108935390813
0 0.16735968157845765 0.18404028735677164 0.07011392319868044 0.04767497867599957
0 0.24156405971256073 0.212256741366953 0.07640938730530315 0.04931020401018138
0 0.3684962842440247 0.14730499805058858 0.13771060015828454 0.06251927601845368
0 0.28500783432316695 0.11585445603913458 0.10154577962517113 0.05428860534690845
0 0.38384615109535664 0.07636578938572487 0.14156302586424746 0.08755563868554458
0 0.5131472061890638 0.09115609006999678 0.13297763605166182 0.06090223201781737
0 0.6919852600291299 0.09558160276095021 0.07323892319868044 0.04771134134309048
0 0.6493491306413856 0.05679127542167776 0.057386602665567034 0.03971702800763601
0 0.6261078589337732 0.02291571475172336 0.06653428213245363 0.03201361600890869
0 0.0759306995251463 0.18375792934436314 0.07935253087881237 0.04309656667727224
0 0.5637980755476784 0.042510052076678295 0.07516513605166182 0.06022952267663591
0 0.13357543415224712 0.6736567706874536 0.25430236975432585 0.20445333203372568
0 0.2050830581297151 0.8214135653644077 0.20416597743445788 0.1991840293602717
0 0.8466249474135752 0.018448032781631075 0.06925010517284953 0.01798747867599957