0 0.13984375 0.815625 0.25625 0.209375
0 0.41328125 0.5171875 0.35625 0.2015625
0 0.8609375 0.53515625 0.178125 0.1046875
0 0.640625 0.39765625 0.215625 0.1125
0 0.6765625 0.28125 0.1296875 0.0734375
0 0.58671875 0.19921875 0.1453125 0.0484375
0 0.4 0.16484375 0.14375 0.065625
0 0.78515625 0.15390625 0.065625 0.0390625
0 0.7140625 0.18828125 0.0703125 0.040625
0 0.58515625 0.1359375 0.1296875 0.046875
0 0.66484375 0.09765625 0.09375 0.04375
0 0.56484375 0.06796875 0.13125 0.071875
0 0.4390625 0.09453125 0.125 0.0453125
0 0.26328125 0.11484375 0.0671875 0.040625
0 0.30234375 0.07265625 0.053125 0.0328125
0 0.321875 0.0328125 0.0625 0.034375
0 0.87578125 0.1453125 0.075 0.0328125
0 0.38515625 0.05078125 0.06875 0.0515625
0 0.85546875 0.6328125 0.228125 0.1765625
0 0.79609375 0.784375 0.1796875 0.1765625
0 0.10390625 0.04296875 0.0640625 0.03125