0 0.7869966462634373 0.8275865984677203 0.25834824645662097 0.2565442029858776
0 0.5211880746717401 0.549356963706414 0.2713442981780522 0.4055280062041863
0 0.5954811695074461 0.10003090202574394 0.13963296279135698 0.20006180405148788
0 0.4290005415546303 0.3091086581423167 0.1550595553496283 0.2446455005042031
0 0.3161533119730503 0.26217866384229993 0.10022323320977708 0.14728989926336578
0 0.22276046523842769 0.3462419434274966 0.07722224282842394 0.15815098960843982
0 0.16580860470880698 0.5319169994957968 0.09284724282842385 0.15924359604505725
0 0.2014955565307547 0.14097528922045227 0.0525099303072194 0.07537134059717551
0 0.22760667794496667 0.21589887956552625 0.05429068511654282 0.08173060124083724
0 0.159179114875608 0.34207324949579687 0.07198910580511528 0.14219820767745456
0 0.1303695793962455 0.25715730011621557 0.06135914065150563 0.10560514381548422
0 0.08841274708959312 0.35641960878240586 0.0971527969121079 0.1486338779760424
0 0.09919153438305416 0.48567006620775893 0.07026291469812274 0.13740144703379292
0 0.09843511015110258 0.6658492391042368 0.054181557711881066 0.07860560124083733
0 0.06088798093234234 0.6222684839084567 0.04420635698624167 0.06076253737886681
0 0.032643929843883215 0.598399295172537 0.025783739200226807 0.06882640965492612
0 0.20452629809323425 0.04835074664580531 0.048095248818873594 0.08285605866619031
0 0.04926594545297983 0.5361506674485962 0.06361112141421195 0.08082366510280767
0 0.6923115294889127 0.12384546043983272 0.22144844718226048 0.24769092087966543
0 0.8381994375636135 0.18573259821561872 0.21188990870767305 0.2205631443196873