0 0.42972744683960995 0.7656028184754524 0.456865023535655 0.46879436304909505
0 0.14642184334831776 0.6178755197397567 0.17520237175194148 0.20163925046142522
0 0.2242051132305248 0.17061859037467758 0.4484102264610496 0.3381121807493551
0 0.4694476550334198 0.16930162399409499 0.0553420649348082 0.04100453423772628
0 0.5092016761367381 0.08737979796050335 0.04379663879807012 0.09489099784053168
0 0.4745636233767946 0.05543938309339362 0.047747753246410875 0.053003886489479644
0 0.5597669176153215 0.28224051742340495 0.05341710064862308 0.10955427513842757
0 0.5437543595803722 0.393058101476561 0.04473184740221221 0.05905362739018098
0 0.6959427820669576 0.8149900655407919 0.09592397483619663 0.21997014342930968
0 0.6654173051988709 0.6370560302233313 0.0698954886359143 0.0700307001845701
0 0.758715517456461 0.8033702475267646 0.13062625730360064 0.24092299352159507