0 0.2796673002682312 0.297548865897088 0.3152286998023559 0.2236986080951718
0 0.1101955054028462 0.3783440852552504 0.2203910108056924 0.16820552464894387
0 0.3296841688676094 0.4882424649471483 0.21057202090551302 0.165250943011738
0 0.17255493735404798 0.5489675237444326 0.17050846302712275 0.14601626413349428
0 0.30682425056469737 0.6116423433958508 0.09739021046687402 0.06741322930778501
0 0.4213571874246352 0.6364519928754524 0.09141322625188941 0.07177318068726599
0 0.48025404528890814 0.6074096240376884 0.08203822625188942 0.07128185775648763
0 0.5159409163073606 0.573232697872978 0.12255681043863902 0.09832903663473136
0 0.6623370451477337 0.46806159825709076 0.29261024715740264 0.23653280076822547
0 0.8764982556851948 0.49103983208743174 0.12577281570031076 0.10005531094499087
0 0.07783178448321569 0.6464799315917773 0.15566356896643138 0.14248182835784534
0 0.79586769489362 0.2070565784693871 0.4055344523626047 0.3032024016273082