0 0.3580180150109431 0.8007800895584151 0.18492401947846523 0.31466776212797143
0 0.4768652467469986 0.9286345383407687 0.13430463636243814 0.14273092331846265
0 0.5393304703686745 0.7297654432016557 0.1424989659077429 0.20822657242947357
0 0.6309703197994816 0.8846918013868242 0.12928985389503395 0.16658120636839727
0 0.6682503571381495 0.7410692182065048 0.05785913879807012 0.09677914727484324
0 0.6708514314084486 0.6219206054794084 0.06090231818121907 0.09234673879011232
0 0.6300667443146619 0.5647619386597278 0.0622466298696164 0.07997428454774677
0 0.588115023535655 0.5301319760824127 0.08477619480442442 0.1192599251546305
0 0.45384734334172716 0.3912293595622944 0.20630809577735915 0.288328402734855
0 0.4359529111192044 0.17055019774358354 0.08642051542127546 0.12407497091226491
0 0.7480135438248993 0.9484842014520165 0.12443871266133204 0.10303159709596699
0 0.14386659699517515 0.24188409530829094 0.28148319399035027 0.4832580075860437