0 0.5976408388807956 0.1666009175698247 0.24846832223840884 0.2830868962002413
0 0.719570791399153 0.4834309707128995 0.1907376428552599 0.28474457146044047
0 0.4958315081209701 0.6234064382620396 0.11050467207625303 0.24931832654882308
0 0.5833103685121211 0.8531968368371301 0.0693421095770768 0.12695864767057935
0 0.3418157585247119 0.3080226984388049 0.05338982710967279 0.10738977611928177
0 0.2347471469157449 0.035761516847027656 0.036755706168510205 0.04875840456798429
0 0.24737778612085207 0.11852975124319542 0.030887535713814973 0.07030585594746527
0 0.2651947573068959 0.2625630342598822 0.03924550649282175 0.10196529172311405
0 0.2534157317393507 0.3549995177515388 0.05106366801906326 0.06355788896415202
0 0.2797406781686283 0.45959848654387436 0.06112050649282175 0.10311171189493056
0 0.2211702475676633 0.4103930246489438 0.03661933847375849 0.04094590456798421
0 0.34399272403200826 0.9000840456798429 0.06301028896022584 0.12194359905006032
0 0.22666272240715518 0.6781127911572872 0.04812958279171564 0.07433161465389268