0 0.19765625 0.6375 0.3515625 0.196875
0 0.51953125 0.753125 0.2265625 0.1484375
0 0.653125 0.571875 0.203125 0.0828125
0 0.8390625 0.65546875 0.103125 0.053125
0 0.4 0.4296875 0.0859375 0.040625
0 0.08984375 0.45625 0.0625 0.0328125
0 0.05625 0.40546875 0.05625 0.0390625
0 0.16796875 0.328125 0.0625 0.0296875
0 0.24765625 0.3421875 0.05625 0.0234375
0 0.3671875 0.36328125 0.0828125 0.0296875
0 0.44609375 0.35703125 0.05 0.040625
0 0.53203125 0.384375 0.0828125 0.046875
0 0.49453125 0.3328125 0.03125 0.0296875
0 0.89609375 0.45703125 0.0984375 0.046875
0 0.71875 0.34921875 0.059375 0.0375