0 0.41282567906965734 0.8393650021260319 0.2518751389561828 0.32126999574793624
0 0.2513957576484859 0.5349641577358248 0.1884975355653607 0.27066267061270255
0 0.42920177233079426 0.39226583001551735 0.11672954342324342 0.23367311151914844
0 0.31549022104966795 0.18997026425400346 0.07101032092583344 0.12098192182065048
0 0.6133029063245783 0.6687958633553162 0.054512025640563164 0.10095646424430509
0 0.6242619468523376 0.9841907020559905 0.04226458271265763 0.03161859588801903
0 0.7519267204259862 0.9213783426025308 0.039139582712657627 0.07168355242559414
0 0.7261218916422699 0.8352177019956475 0.032598484284234355 0.06492336939505634
0 0.6889407611631425 0.7053230368429567 0.04179370181924576 0.09524859818322895
0 0.6857194077723203 0.6194493097217739 0.0494948858558109 0.06007637272903601
0 0.6455609805601806 0.5258907572961796 0.06061647642635144 0.09834164727484325
0 0.7058649338271683 0.5673924732074747 0.034486315963434676 0.038615960910325244
0 0.521299265301481 0.1304988957770312 0.06290672249741007 0.11409419303247784
0 0.6602826443328663 0.3239614665395149 0.048441808105551945 0.07088632697140156