0 0.06905517811460268 0.878125128937954 0.0795089399258662 0.090624742124092
0 0.3847645128683258 0.9220834545322296 0.11372024881887359 0.08874324879205205
0 0.5465006210356937 0.8869436957382378 0.25496529691210784 0.16259482122152563
0 0.5975571456304651 0.7111945255845773 0.1720635168750409 0.19789485030926066
0 0.4574604244864056 0.7602374166505028 0.19015875244707078 0.18067539940087513
0 0.7532565302067029 0.5480573125482202 0.20978177168436432 0.2072059484924896
0 0.569040242913242 0.4330375746761918 0.14419148801910034 0.15822657242947358
0 0.4330903631463275 0.6008304657421173 0.1956101442797026 0.20293303667377885
0 0.28010177240215456 0.6172361999903017 0.1466071598887993 0.13816916394474266
0 0.26742570152824763 0.7702654762030988 0.25958336424263584 0.25022236697916006
0 0.8377604718618497 0.34293963572659986 0.13906747840045383 0.14534393515657004