0 0.9234375 0.8359375 0.153125 0.175
0 0.66328125 0.828125 0.075 0.0890625
0 0.91171875 0.715625 0.0625 0.06875
0 0.6875 0.62421875 0.0859375 0.075
0 0.47109375 0.67265625 0.1203125 0.1125
0 0.3015625 0.56953125 0.1140625 0.1
0 0.41328125 0.40546875 0.0390625 0.053125
0 0.42890625 0.4515625 0.0328125 0.034375
0 0.28828125 0.4984375 0.05 0.0546875
0 0.23125 0.42734375 0.090625 0.059375
0 0.5234375 0.5140625 0.065625 0.0890625
0 0.1765625 0.3734375 0.0453125 0.040625
0 0.13515625 0.3265625 0.0671875 0.046875
0 0.54375 0.86484375 0.1984375 0.20625
0 0.75078125 0.859375 0.0359375 0.0625
0 0.25546875 0.3625 0.0328125 0.0421875
0 0.3328125 0.38203125 0.1046875 0.090625