0 0.4734375 0.16663709428657028 0.946875 0.33327418857314056
0 0.0708903641578178 0.09963524992941283 0.08861112141421193 0.08156778939195168
0 0.12758430826003525 0.13503369461127127 0.09653274881887368 0.08514781570031094
0 0.15494790562763008 0.09122278142885676 0.08397818511654283 0.08285727360693614
0 0.58102922287334 0.3540222441736308 0.8379415542533201 0.6865672465927052
0 0.6457613562684514 0.4282479704255203 0.21556054573098143 0.23397869980235592
0 0.905237982955323 0.8885807127447741 0.13877979092165801 0.2228385745104518
0 0.8246501818668639 0.9099361281345015 0.1000396947351895 0.0962673262236546
0 0.6344245190676577 0.6632222099021766 0.5374306335647475 0.6098102416133822
0 0.30705352033360206 0.39834357864272907 0.0658829495445131 0.10051521046687402
0 0.3700346699707823 0.41062304174043895 0.06604664065150567 0.10520271046687402
0 0.2553124602594682 0.3107833944842143 0.06621033175849825 0.10989021046687401