0 0.1578125 0.5578125 0.2875 0.884375
0 0.1640625 0.22421875 0.0546875 0.0640625
0 0.19765625 0.2671875 0.05625 0.0703125
0 0.115625 0.23671875 0.05 0.0421875
0 0.15390625 0.2953125 0.078125 0.0609375
0 0.396875 0.659375 0.484375 0.68125
0 0.48359375 0.6671875 0.1640625 0.15
0 0.90546875 0.89609375 0.1890625 0.2078125
0 0.89609375 0.7671875 0.065625 0.071875
0 0.6765625 0.634375 0.43125 0.36875
0 0.43046875 0.38984375 0.0765625 0.040625
0 0.4453125 0.440625 0.0796875 0.040625
0 0.35390625 0.35546875 0.084375 0.0390625