0 0.8670761882423752 0.1046135644919799 0.19159176959604132 0.14498911094166683
0 0.8377678068095669 0.3595731682154521 0.09928459765100187 0.08506729065319459
0 0.7430847587754886 0.09390984099312563 0.07700042069139794 0.07049564437666671
0 0.6286572312618885 0.31874422720166723 0.08554034639736088 0.0956774823325695
0 0.6611047037482884 0.5469971669811811 0.1272564849563052 0.13412303970326392
0 0.5397428661264161 0.7146002814382296 0.11296666442319178 0.125983231382639
0 0.37931749465623066 0.5857816843642711 0.0590854949854351 0.045095600873680655
0 0.4289454216158347 0.5728647634864587 0.03854567445232178 0.036810322188333446
0 0.4652513314866801 0.7222478208571532 0.060966243731793844 0.05606946846486131
0 0.3862936057015749 0.7759163750937157 0.07000627461060631 0.09843880642076393
0 0.5012272500665069 0.4799518712939935 0.09744931301126591 0.0756559230620141
0 0.326108611969781 0.8292400904244447 0.046721887305303154 0.049492160144236054
0 0.2733867772509027 0.8678837099154864 0.053699313011266 0.07463763050895836
0 0.8661391962264411 0.4860999538346535 0.23131951082055266 0.22242443313000032
0 0.8778592608870597 0.27138349040378545 0.06836956677218993 0.042188806420763926
0 0.32148695962078316 0.7462639362641322 0.04635817445232169 0.03699216014423605
0 0.3480243790585399 0.667140133927431 0.10331887978345575 0.11639002583555573