0 0.0748758602579681 0.786011541603125 0.14189765027114648 0.22202308320625014
0 0.34143664636232157 0.81877471589941 0.09908291549465283 0.11322865824437507
0 0.07486624901804136 0.6500922253987154 0.08174996974937895 0.08782861474138884
0 0.34163104732083915 0.5836548334905907 0.10837610226293633 0.09938436379145835
0 0.5804077218906784 0.6743571411456255 0.15239881303532493 0.1472776563445141
0 0.786116845525441 0.5861889131814589 0.14450449980360833 0.13303331838861113
0 0.6818191892041703 0.3822261521635422 0.051944295081343836 0.06682513050895836
0 0.6571100806947181 0.4316442707046534 0.042442030054229286 0.04473192496187508
0 0.8114390323919203 0.5078827284359382 0.06446247579950323 0.07024107123840277
0 0.885235080694718 0.4369539390170146 0.11141019867214012 0.08383209897381949
0 0.5418214239806639 0.48676556895729206 0.0881363251355733 0.11141158510611113
0 0.9544527133064713 0.3846660468245494 0.05655907220870695 0.05443423328250008
0 0.9828584726762453 0.33691953105697997 0.03428305464750956 0.06021145459715278
0 0.47224173964826743 0.8727140674386806 0.25465218032537573 0.25457186512263874
0 0.23766675174851587 0.8397937710859029 0.048882927594901295 0.07768989532659702
0 0.8668163579202771 0.35919196171843826 0.04405907220870695 0.05414329255305557
0 0.7762595356133742 0.368801391429966 0.13036927693097128 0.12020601006798622