0 0.81953125 0.4735150901956617 0.3609375 0.9470301803913234
0 0.9016248060372177 0.8115460067969316 0.07130816016782546 0.07690949247815268
0 0.8582882805174087 0.7666115915158099 0.07334425684847759 0.08320495658477522
0 0.9542286651654244 0.7927899951184492 0.06316377344521698 0.05172763605166182
0 0.9032805491887406 0.7300686862638182 0.09618976099766208 0.07607441818411545
0 0.5794930487645333 0.3751554612036288 0.6433610975290666 0.7503109224072576
0 0.4793387607971694 0.34308814113273384 0.20568500539858475 0.1837170851145898
0 0.04822678029369402 0.1301361293877443 0.09313838382282336 0.2209777412245114
0 0.03202420768295861 0.2676277692003299 0.02971265601864027 0.08349446159934022
0 0.27585948590206016 0.39598713526023904 0.5240135659859728 0.45490072947952187
0 0.5792850969043667 0.6494541499082225 0.09140717261537983 0.054108489970870186
0 0.5555506763635794 0.5945537012410059 0.09609467261537966 0.054244882290738164
0 0.6702303282330347 0.6820416778840409 0.10054537427505376 0.05125627461060631