0 0.81953125 0.9594251874975285 0.1953125 0.08114962500494301
0 0.83203125 0.8934294094910561 0.0703125 0.07310230925276535
0 0.5453125 0.8970184650936688 0.1 0.1033080064928221
0 0.4078125 0.8766496436660388 0.2265625 0.2273921631477993
0 0.40078125 0.6648081627407623 0.140625 0.1618296185055307
0 0.51328125 0.7284906075451867 0.159375 0.1434069009729347
0 0.2953125 0.5004671988616142 0.1734375 0.16552736282348768
0 0.4765625 0.4309746793798537 0.11875 0.12863528896022594
0 0.5640625 0.5957832475610727 0.1609375 0.16374667451188502
0 0.69375 0.633984451293951 0.121875 0.10993983603812651
0 0.67734375 0.7680730791349724 0.2171875 0.2022285219140972
0 0.25859375 0.31076377069628125 0.115625 0.11764324188232518