0 0.6106667552116875 0.8852525182672398 0.2789806173615442 0.21263991639421037
0 0.8223309612110512 0.8862444537394687 0.25230902936027133 0.2028012662320542
0 0.5763314019335031 0.4796843567409984 0.18023403469127164 0.18435918344033872
0 0.5132961472788207 0.3925213218379623 0.09382382001909004 0.14223413879807012
0 0.5009330546228656 0.3138468969190402 0.09687609468490824 0.1360386858759707
0 0.44123024327659355 0.41018215462967794 0.09838405068427178 0.131378459414921
0 0.6338466466422739 0.16858716964721163 0.09622156667727211 0.07978868587597074
0 0.3913415206476827 0.13910736444834082 0.6204419587046346 0.27821472889668164
0 0.32358076129854707 0.25054983035937894 0.12676358935390813 0.15374438311602717
0 0.3685654499522749 0.3450577609603439 0.11281017735518084 0.16287392126547412
0 0.39642408390359535 0.703092403411862 0.6411202747453599 0.5907605568138379