0 0.9197565760824803 0.5663709569980245 0.16048684783503936 0.2913455378830701
0 0.928971223338705 0.775582066032532 0.14205755332259 0.23789275595208464
0 0.5262311731410609 0.5366220169247227 0.19493161035393455 0.19414275595208466
0 0.43385468636582764 0.4724827432916106 0.14746580517696728 0.10056771857321785
0 0.34930538111827325 0.4619219377275135 0.14296031570031092 0.10336493664223276
0 0.4482819364364148 0.39695286556766984 0.1384548262236546 0.1061621547112475
0 0.20377932046787262 0.6030982308063635 0.0854208314853265 0.10400979282674853
0 0.15617846544619712 0.3514864543232599 0.307078625715427 0.6501520913534802
0 0.2758392470868154 0.27801111347398283 0.1587519156720761 0.13403578243518827
0 0.3772344180911505 0.3219089429232936 0.16721686305535766 0.1190663462971587
0 0.7218518841726322 0.346560473593771 0.5562962316547356 0.6735995710745629