0 0.6098309013105209 0.12922114038441493 0.3290368026210418 0.19616371388164086
0 0.813355291603125 0.12707340438227133 0.22046058320625014 0.15581222946898116
0 0.6089308564763546 0.5597063158787827 0.22707556553881963 0.23895251139996637
0 0.5474140878589935 0.6646016294886516 0.12107883225631966 0.17538204827463008
0 0.541783643329827 0.7578053262703429 0.12569359707395833 0.17258483020561535
0 0.4611856471295491 0.6460922940872562 0.1271106267092362 0.16644409084927717
0 0.712498799674341 0.9210587151421485 0.12107752583555573 0.10830380891829208
0 0.44071471865229234 0.8792940160915433 0.6901210794065278 0.24141196781691326
0 0.3439838825962507 0.8383512138816409 0.16050500816812513 0.19373856436617345
0 0.38426143084888953 0.7257308815823386 0.14513458130638898 0.20358345792955604
0 0.3871246723964239 0.3460815864098016 0.7742493447928478 0.6921631728196032