0 0.8424755329929864 0.23472656533525468 0.2297145012493999 0.18970124837514693
0 0.6319398520792369 0.19516168465485947 0.1964284045687478 0.18287850405718978
0 0.4467001690908948 0.15993943059766969 0.16595873195336797 0.130852353895034
0 0.5371377601724696 0.27230879139256253 0.08667305103961845 0.09357845048646736
0 0.387657978428883 0.23537007873123056 0.06408765601864026 0.08382162094116259
0 0.3123736358974158 0.22001208563108943 0.13676813942190078 0.11629893019392785
0 0.4083750653612729 0.35432463027335814 0.23624792116548718 0.15236488960884903
0 0.45830790084377016 0.5705360113607905 0.1835965178461393 0.15768758928453738
0 0.5820889429603189 0.5875207341683921 0.1450542361025528 0.12268529788867966
0 0.25760916121673233 0.5475273851446221 0.09100535352912935 0.08897277110331832
0 0.1786250139206691 0.8231256286518004 0.10736405933798814 0.07833528003177222
0 0.21059798695096738 0.8743978023529063 0.0810383576783142 0.08099662986961605
0 0.08785830396262538 0.8402664898537303 0.05376546265733608 0.07115797970746059
0 0.48325146910482797 0.7246740864418684 0.11153134108157481 0.1127375535707225
0 0.5770257025080885 0.7575195884704632 0.09749215186945541 0.09220686525911966
0 0.6438580049975994 0.7540048506453279 0.0853706601678251 0.07639095048646745
0 0.6328539244894795 0.3410781566516823 0.2659838879720084 0.21530126623205437
0 0.633707874699261 0.4347190624958809 0.22228050954776962 0.17396715421934558
0 0.8327266377715155 0.5076322313257231 0.1839050937808672 0.20294554220663663
0 0.9429060292563978 0.3489447982891261 0.11418794148720438 0.13485801542127546
0 0.9391962450256226 0.2137885482891261 0.08641294191141143 0.11073867694751698
0 0.10930414502097814 0.011270510957048629 0.04985829004195628 0.01959547970746054
0 0.2757705172214394 0.066450709007884 0.08669636182749904 0.07329322402541769
0 0.8297856948344187 0.8703816473161915 0.17639932448483506 0.14507849512873605
0 0.7395051595663471 0.9351242114402207 0.10878484937994451 0.09708528003177222
0 0.6732298867458303 0.9709336574657564 0.16759116431700996 0.05813268506848708
0 0.8566576933845262 0.9600155227248761 0.17573555103961844 0.07996895455024777
0 0.9074039772027052 0.9910433802733583 0.13986798340326062 0.017913239453283582
0 0.47399948135188996 0.9793034906645092 0.17542697510489075 0.04139301867098162
0 0.949605561836788 0.9556922613607904 0.10078887632642405 0.08861547727841916
0 0.47694411475050613 0.8267723745913151 0.1150115385920639 0.11747960064862326