0 0.25651286171074705 0.24236319057750508 0.12226192431676956 0.15350704827463008
0 0.3912276568087564 0.1339665465099193 0.11590279691210785 0.1499450056999832
0 0.5106993978230817 0.03599285827820276 0.13797620435383653 0.07198571655640552
0 0.46515868621285106 0.2932380036831708 0.201245074586922 0.2728140591703935
0 0.5737077961943177 0.2646052692705111 0.12106152286549073 0.11913204827463009
0 0.7530059157944311 0.2185558058930733 0.10321925843752044 0.09918018119435104
0 0.650545570789089 0.4299082051564391 0.13100200725639405 0.1806158514929388
0 0.5745683694304773 0.5747233144430481 0.08921132213985139 0.09975933540139544
0 0.7843079571794254 0.5273245185142065 0.08748513103285874 0.09496257475773362
0 0.7626561572720926 0.6340497659163165 0.11917164065150558 0.10964778763096845
0 0.3137697678865313 0.5220399829000504 0.20015380054030496 0.24156405917039336
0 0.3085242510963083 0.38212517708385174 0.07978175843752044 0.097541271539425
0 0.16221968077055554 0.44301303662256225 0.16408732576804846 0.19072282500983526
0 0.07595234247345338 0.6552177417021268 0.15190468494690676 0.19072282500983526
0 0.1283753825925033 0.8319334249901648 0.14855160580511534 0.14755197921687965
0 0.710657114536336 0.8956481836170141 0.1724057680561673 0.11648764951546724
0 0.8422072148991557 0.8778765395494282 0.10042164065150558 0.10833665990702741
0 0.818640740126899 0.9278436885606925 0.1352480192372937 0.03439641535490949
0 0.5384076362207003 0.7175335273162828 0.07934524881887359 0.08504127153942509
0 0.35938976961581187 0.8001924800500589 0.18407244355406327 0.18276821337743776
0 0.47251227379216304 0.9084041817754287 0.14422620435383635 0.11295845792955603