0 0.6816525474256337 0.10406305752122731 0.14846686305535747 0.11692428901808824
0 0.8072679264777685 0.22268025446659495 0.14341534200867018 0.11037390036914027
0 0.9348476239316371 0.32103501618678726 0.09018392619541978 0.131869366131414
0 0.651132776590708 0.3318678824750848 0.2631355787839034 0.18809598704319005
0 0.6919104240586941 0.43955926896456443 0.10802387357870132 0.11744592072720579
0 0.7584168426439547 0.6171218668973811 0.09148882096198285 0.10081962523071261
0 0.5308147583866181 0.5531340083241063 0.17373987884037306 0.12321386181247736
0 0.3744961399284142 0.5039083590347002 0.09379477360693614 0.08695738433001132
0 0.4446057006494019 0.7138526603912896 0.0890162683452644 0.08509449568106327
0 0.33247742697187865 0.7137246475913631 0.09864887357870131 0.11684514342931003
0 0.4012153475526907 0.2201842011074208 0.230596094568919 0.19068076650055427
0 0.5442974896178306 0.18700836057585968 0.09315773677523324 0.07601988433001132
0 0.4668920974115164 0.07540142966962099 0.1755908051769673 0.101539120911776
0 0.24119414739739894 0.04603889497046944 0.16982665258848365 0.05602636181247735
0 0.06703209342996891 0.09205589450904411 0.13406418685993782 0.14571062307124433
0 0.0553768081960326 0.7182376627076413 0.1107536163920652 0.1683866594684389
0 0.09189168237472482 0.8457304094684389 0.10059080517696724 0.09673290252860874
0 0.13854760352023426 0.9416355899132522 0.1832968893637168 0.1167288201734955
0 0.024097080628725127 0.8401732194629016 0.048194161257450255 0.14094397748246584
0 0.021886714907238033 0.9483361728866744 0.043773429814476066 0.0704312183831675
0 0.7453436350902655 0.9570339578165384 0.11776289462538862 0.08593208436692308
0 0.8848688666744138 0.9687614034514592 0.1276083314853267 0.06247719309708159
0 0.2243596320359064 0.4966396722683653 0.07909523677523325 0.0751187183831675
0 0.12136968188061463 0.3261490946936142 0.1692035682605597 0.17896321406423077
0 0.03618958702934702 0.46565408081395365 0.07237917405869404 0.14340764342930984