0 0.3234375 0.79921875 0.1140625 0.0828125
0 0.21796875 0.7015625 0.1109375 0.0796875
0 0.09375 0.6203125 0.1015625 0.103125
0 0.34765625 0.60859375 0.2046875 0.1328125
0 0.31328125 0.51953125 0.08125 0.0890625
0 0.25703125 0.37265625 0.06875 0.0765625
0 0.446875 0.4234375 0.1359375 0.0875
0 0.57734375 0.4625 0.071875 0.0640625
0 0.51796875 0.2890625 0.06875 0.0625
0 0.6109375 0.28828125 0.0734375 0.0890625
0 0.55625 0.69921875 0.1765625 0.1375
0 0.4375 0.72890625 0.071875 0.0546875
0 0.50234375 0.84453125 0.1375 0.115625
0 0.69140625 0.8859375 0.1375 0.115625
0 0.83671875 0.803125 0.1015625 0.109375
0 0.8734375 0.28203125 0.1390625 0.128125
0 0.8109375 0.17578125 0.0765625 0.071875
0 0.771875 0.0921875 0.14375 0.0890625
0 0.9265625 0.17890625 0.146875 0.1109375
0 0.896875 0.0890625 0.0875 0.053125
0 0.26640625 0.0734375 0.0875 0.09375
0 0.1359375 0.05 0.125 0.1
0 0.70234375 0.46796875 0.059375 0.05625
0 0.7890625 0.60859375 0.1265625 0.134375
0 0.87109375 0.49140625 0.071875 0.1109375