0 0.7614756433881558 0.8652749059769075 0.22640895273377612 0.18279108260730723
0 0.5364920688825234 0.8696883066765528 0.18869043144645267 0.1785749440483631
0 0.3389068746987222 0.8741160792420951 0.1629913089182919 0.12325094655564542
0 0.44706321814588945 0.771579764119258 0.08446211733238052 0.09289820533113406
0 0.28654098138744116 0.7833486752437444 0.059025074757733706 0.0859207796251713
0 0.20496319945645594 0.785672041699365 0.13410148441265973 0.11149509263643705
0 0.3217897025585491 0.6599028150563301 0.2390839153549093 0.14105822367353404
0 0.4005859639585155 0.4398691113745487 0.1789112398605413 0.1502226235152495
0 0.5327264746021771 0.4421483283841652 0.14235102698730664 0.11797241316955062
0 0.18768712621133155 0.42819451082055265 0.08871257475773371 0.08678459765100204
0 0.14035221236903161 0.1199440901291547 0.10636996832111634 0.07170516693047428
0 0.18056730296620713 0.0710124966347877 0.07566627153942504 0.07860838479802065
0 0.03658771002324311 0.08236387061225568 0.07317542004648622 0.06785274122451138
0 0.009276811011978817 0.13083246285298145 0.018553622023957633 0.0772899257059629
0 0.447050690577505 0.279173303773559 0.10452324505632156 0.11219377461060631
0 0.5485257092669384 0.26098925659741057 0.09361859604505725 0.0900459899708701
0 0.6186907437958137 0.27633912344874256 0.08158848960843983 0.07410274122451135
0 0.5559572529268662 0.7144696092629775 0.2638761017450403 0.20571175705962902
0 0.5675828037993863 0.6153872515828457 0.21750384629715871 0.166938762074194
0 0.7850323837529001 0.573178334190153 0.17157934110137862 0.20146687476889086
0 0.885983606513492 0.7639972139736086 0.12011539406758587 0.13447795157021042
0 0.859689268262105 0.9049260908540706 0.07807000569998337 0.11298338479802084
0 0.147724863802959 0.9437058505539959 0.08438570767745457 0.06950616943775642
0 0.8269727733810104 0.18611024320306843 0.17502141535490914 0.13919419530200416
0 0.7405760874950824 0.10061536091233023 0.10633711733238069 0.09353470282385161
0 0.6795018297014123 0.04482235048748897 0.16599634059717552 0.054728267088758845
0 0.868996018437332 0.0777354535487674 0.1786491599070274 0.10187605172849494
0 0.9133141009887357 0.048494234427579795 0.11087179802252863 0.046887023356965
0 0.9453182178169133 0.10578990887990147 0.05564870248167466 0.10453438730530311
0 0.45235518563382654 0.16973010761362495 0.11099176634364483 0.11550063103709696