0 0.76875 0.8375 0.1875 0.15
0 0.5609375 0.8328125 0.153125 0.15
0 0.37890625 0.8296875 0.1359375 0.1015625
0 0.47890625 0.73828125 0.065625 0.0796875
0 0.33046875 0.74375 0.04375 0.075
0 0.25546875 0.74296875 0.1109375 0.0921875
0 0.36328125 0.63125 0.2046875 0.109375
0 0.4359375 0.4296875 0.146875 0.125
0 0.5578125 0.4375 0.1171875 0.0984375
0 0.23984375 0.4109375 0.071875 0.0734375
0 0.1953125 0.12421875 0.090625 0.0578125
0 0.2328125 0.08046875 0.0609375 0.0671875
0 0.0921875 0.08515625 0.075 0.0546875
0 0.0453125 0.1296875 0.0703125 0.0671875
0 0.47890625 0.28359375 0.084375 0.0953125
0 0.57265625 0.2703125 0.0765625 0.075
0 0.63671875 0.28671875 0.0671875 0.0625
0 0.57890625 0.68984375 0.21875 0.16875
0 0.58984375 0.5984375 0.1828125 0.1359375
0 0.790625 0.56796875 0.134375 0.1734375
0 0.884375 0.74765625 0.0953125 0.115625
0 0.859375 0.87734375 0.0578125 0.0984375
0 0.02421875 0.93671875 0.0484375 0.0765625
0 0.20234375 0.88671875 0.0703125 0.0578125
0 0.82890625 0.2109375 0.1453125 0.1140625
0 0.75 0.12890625 0.0859375 0.078125
0 0.69453125 0.05625 0.146875 0.0765625
0 0.86796875 0.1125 0.153125 0.0796875
0 0.925 0.0671875 0.1234375 0.078125
0 0.82421875 0.02421875 0.078125 0.0328125
0 0.72578125 0.01484375 0.06875 0.0234375
0 0.96875 0.02890625 0.0625 0.0421875
0 0.49921875 0.0171875 0.1703125 0.034375
0 0.959375 0.14140625 0.08125 0.0921875
0 0.48359375 0.18203125 0.0875 0.0984375