0 0.09344715696785141 0.7077969113596689 0.18689431393570283 0.333130719704317
0 0.1963158118906388 0.8335147752947133 0.2517684031404207 0.2418996839486219
0 0.3289631758389769 0.8819208401381431 0.19424540815498564 0.19355803667377885
0 0.28784643085354183 0.9289232569578239 0.18388691818411554 0.10542030788560623
0 0.46639732818797486 0.9533179948298522 0.04723871285298138 0.01632637272903601
0 0.8568647992877194 0.2036221731492847 0.23893343401923312 0.2829392721299112
0 0.8491957371343833 0.44040469602810195 0.21805864436493216 0.3155286315230278
0 0.7754567087628533 0.5103343008792905 0.07419366943775678 0.08555460485118864
0 0.7880917864221028 0.7189600017876762 0.12947220282385175 0.11033120636839726
0 0.38828125 0.46484375 0.7765625 0.9296875
0 0.6160971144770635 0.7906749893698405 0.381013285431159 0.3444183903170194