0 0.8907980887130229 0.6362082095959145 0.14612594499482015 0.22825567599857094
0 0.8594754299027361 0.35572838794027406 0.25528692927905433 0.29818539976756886
0 0.8117121720448532 0.3279200982156187 0.06599318114108108 0.0793704257464694
0 0.4137521308934121 0.5 0.8275042617868242 1
0 0.11131633560814184 0.3092661033345242 0.2226326712162837 0.4814677933309516
0 0.020061981183862394 0.49474441744859615 0.04012396236772479 0.10426116510280767
0 0.6914147504142848 0.10194174228320443 0.056254308105551945 0.07090236188449897
0 0.7440281741117678 0.1426488697550437 0.05639985731976367 0.07402736188449902
0 0.6448308488427081 0.0989695615930565 0.04807793507002263 0.0625435586661903
0 0.7541181116629898 0.04304770750222765 0.05850601282028158 0.05237088317182246
0 0.8515003798599547 0.05882053695153835 0.06290241439185848 0.04644866510280767
0 0.8404857971472971 0.128116840169847 0.034995738213175545 0.04916947351689647
0 0.8776775820934851 0.11539296504379623 0.047786836641598995 0.056293558666190346
0 0.9082019900752025 0.09534826281422329 0.032923815963434674 0.038122712873234696
0 0.9375234629868974 0.1345692999409886 0.04593323821317554 0.04993429802252858
0 0.32723243403656527 0.0271966485070612 0.16116013192686945 0.0543932970141224
0 0.3970183951614358 0.01790377597890047 0.08096320967712849 0.03580755195780094
0 0.5320760219210188 0.3965326124655767 0.29482031017246657 0.2775886765027741
0 0.4237860630724598 0.7654243601197882 0.23788110545773672 0.29229603268728965
0 0.22456312076372692 0.5620965363704606 0.1512843258882322 0.20525521857321785