0 0.6964497138765511 0.8723210623037871 0.21112040802036275 0.16097287878738697
0 0.4304616345480964 0.85034532225341 0.27009651336727103 0.2640027035271874
0 0.40062014055541423 0.7980358717784402 0.07256589067472685 0.06314180913596842
0 0.532718309277548 0.40897220827688596 0.9345633814449039 0.8179444165537719
0 0.3289687899825008 0.12608114314802357 0.4483124200349984 0.25216228629604714
0 0.4986551286600912 0.03508324966131573 0.09949201734563573 0.07016649932263146
0 0.17702010323841347 0.6895151221171244 0.06466248400699967 0.054919873360319824
0 0.22018830056495925 0.7372222817734914 0.06622498400699968 0.05500176051544958
0 0.17127918057768593 0.6460926707376433 0.058321577339272415 0.0467798247398008
0 0.1255752345640047 0.7492077046588413 0.04749316534054513 0.05558161465389251
0 0.14793094521805075 0.8409481473318952 0.04287839067472694 0.061585953188503594
0 0.2128746925525507 0.8289560803940104 0.04256930800445433 0.03502345318850324
0 0.20387186254777817 0.8645627097472239 0.048946577339272504 0.04628850180902226
0 0.1863570985439602 0.8935884684536513 0.03315794533736342 0.0314071302577247
0 0.22509233454014216 0.9196662895754073 0.04736589600572696 0.04464411465389233
0 0.0514977706476827 0.3550283367255885 0.1029955412953654 0.16181832654882305
0 0.045828752307455735 0.41699274819097776 0.09165750461491147 0.08155761646291496
0 0.015205187301092393 0.5217145477160079 0.030410374602184785 0.09719590456798421
0 0.00292336330363773 0.4653383949570459 0.00584672660727546 0.05682321008590829
0 0.44508085459104896 0.5333658621675017 0.25000218936981644 0.28168817051050077
0 0.7859973032702301 0.4233679059267807 0.26499084269572604 0.22781954206179833
0 0.5804392886298653 0.24050889755903765 0.18753745735199914 0.14724457146044045