0 0.9234375 0.45859375 0.153125 0.2671875
0 0.85234375 0.29140625 0.1875 0.1546875
0 0.76328125 0.1765625 0.1328125 0.1546875
0 0.825 0.12578125 0.1390625 0.1296875
0 0.73046875 0.053125 0.0484375 0.0390625
0 0.6765625 0.03984375 0.0359375 0.0515625
0 0.07578125 0.5421875 0.1515625 0.203125
0 0.1640625 0.33828125 0.1234375 0.2484375
0 0.25078125 0.31015625 0.0515625 0.0609375
0 0.31640625 0.121875 0.1 0.0640625
0 0.58671875 0.61328125 0.6046875 0.7734375
0 0.49140625 0.12265625 0.2859375 0.2453125