0 0.4559028807491594 0.9102525777569443 0.3311728623887021 0.1794948444861113
0 0.2847930692329775 0.819245451885231 0.22096733590559853 0.25072033581546266
0 0.17174712999285474 0.6905552324223609 0.20598719209011432 0.19195092855814783
0 0.12166500252101546 0.7405265466541666 0.1528621920901143 0.18730309330833314
0 0.05571258456821619 0.6190623582940741 0.029261165102807674 0.06312471658814811
0 0.05228729978723941 0.5589744588124537 0.029840319309852047 0.049198917624907426
0 0.6549877847809767 0.11709223181023024 0.24122556956195354 0.1406809544771292
0 0.42833780347041017 0.11822763044337883 0.30355060694082037 0.18806309387398096
0 0.3860353250098353 0.19062074882222152 0.07969820767745457 0.07374914976444429
0 0.17181428788306993 0.20293765523106452 0.09903806956195357 0.12824116013203685
0 0.5820091066887189 0.595692500282824 0.8359817866225623 0.8086149994343522
0 0.1687378364098016 0.3921272943450923 0.30906790546755214 0.37800458869018466