0 0.06875 0.61171875 0.128125 0.184375
0 0.16640625 0.36484375 0.2015625 0.2234375
0 0.22421875 0.346875 0.0453125 0.0625
0 0.60078125 0.58359375 0.6828125 0.8328125
0 0.90546875 0.41328125 0.1890625 0.4015625
0 0.9390625 0.5875 0.0734375 0.08125
0 0.38359375 0.1578125 0.0390625 0.0546875
0 0.32734375 0.18828125 0.0390625 0.05625
0 0.4265625 0.16015625 0.0328125 0.05
0 0.3390625 0.09765625 0.0453125 0.0359375
0 0.246875 0.1015625 0.053125 0.0296875
0 0.24140625 0.1640625 0.0234375 0.0375
0 0.21015625 0.14921875 0.034375 0.040625
0 0.18671875 0.12734375 0.0234375 0.028125
0 0.1515625 0.15859375 0.034375 0.0390625
0 0.74140625 0.075 0.128125 0.134375
0 0.67734375 0.08359375 0.059375 0.0828125
0 0.5859375 0.02109375 0.0875 0.0421875
0 0.64453125 0.0171875 0.0515625 0.034375
0 0.465625 0.4390625 0.225 0.196875
0 0.484375 0.78046875 0.1640625 0.2265625
0 0.71015625 0.621875 0.1015625 0.1625