0 0.07852254461534844 0.386432403688992 0.11179329544054102 0.19743860226293625
0 0.18272940561765494 0.6476602742986927 0.23205917386477964 0.23874537919390768
0 0.24592814524469273 0.6668324551150479 0.05341026514684701 0.06590680113146803
0 0.61640625 0.42901026824856847 0.7671875 0.8580205364971369
0 0.9239084981375111 0.5915844110156625 0.15218300372497778 0.4276169816532356
0 0.9721446272866959 0.4061599954228138 0.0557107454266081 0.0879545179539809
0 0.43067368861064137 0.8666274011549092 0.04500576929603177 0.05804884933607006
0 0.36809025562229936 0.8349461299794745 0.04512416846619498 0.05961134933607006
0 0.47580858985539687 0.8640200307416004 0.03840057178554268 0.05332498789975162
0 0.3878718045873253 0.9309671571068374 0.051279080083912555 0.03778180113146803
0 0.2899195566619177 0.9276290545493137 0.05861798340326043 0.03157725292686635
0 0.2786375919299892 0.8612591659856321 0.028078378424238614 0.040770445745273776
0 0.2470090836316195 0.8770750635263042 0.04081517676456468 0.04396816861791066
0 0.22372587159898333 0.899876759271578 0.027249584233097403 0.029832945745273776
0 0.18373948902555984 0.867282427889489 0.040578378424238615 0.040843168617910666
0 0.8159851491933849 0.9386371938985623 0.14458063942190086 0.11485336123992695
0 0.7483715967038741 0.9437201245185255 0.06913035352912936 0.0878636143631848
0 0.4947189975244222 0.5669041362259905 0.2549279888018452 0.21076582493918145
0 0.48756289004660064 0.20428596155795545 0.19323347220510562 0.24164312021691722
0 0.7401937504242072 0.3716405914392341 0.12083640871793264 0.1725022347764936