0 0.0595926477370637 0.3074893223735755 0.1191852954741274 0.22747864474715102
0 0.1325058894474443 0.5961751408182095 0.2625737646343312 0.2934033593866783
0 0.19878032924078987 0.6219243116202084 0.05981133723582164 0.07776543507002245
0 0.5966689042781672 0.46619031182509635 0.8066621914436656 0.9138958734453049
0 0.9170081544745589 0.61083299358535 0.16212937880112435 0.4808605099247975
0 0.36937813379010354 0.8494607684018529 0.05039088544042354 0.06951628742738762
0 0.30709175722847454 0.8098310341176186 0.05353406615858276 0.07278683664159899
0 0.4193781337901036 0.8517895558292402 0.0441045240041051 0.06297518899896418
0 0.31664349834968003 0.9142103190638066 0.05496021077238851 0.049422111248705033
0 0.21278270014507808 0.9015583076912671 0.06117384933607006 0.04346320967712849
0 0.20929460666274052 0.8295013711735024 0.033076120413308985 0.04684076674922295
0 0.17404745307194433 0.8434889425136207 0.045612481849627386 0.05367296360606986
0 0.14500030250621024 0.8663613622821623 0.02989657825883123 0.037320217535011226
0 0.10771392594458126 0.8278960217116218 0.044031801131468165 0.05047518899896417
0 0.7711946429634857 0.9443173500810532 0.16327268052176755 0.11136529983789352
0 0.699287826706707 0.954545297661771 0.08026928298109545 0.09090940467645794
0 0.5903804593184603 0.9958659066364192 0.1048693071815924 0.00826818672716172
0 0.4759018863241863 0.5387116670779453 0.2827226381708982 0.2662244292790543
0 0.5109369791191529 0.1582086838271683 0.22187604176169415 0.27901121960192593
0 0.7622035215682181 0.3551180328747643 0.13864538524403186 0.20327916542531543