0 0.08046875 0.64921875 0.140625 0.190625
0 0.15546875 0.39453125 0.2171875 0.2359375
0 0.2125 0.37109375 0.05 0.0640625
0 0.60859375 0.56875 0.7421875 0.8625
0 0.89375 0.37734375 0.2125 0.4109375
0 0.9453125 0.54921875 0.0796875 0.0859375
0 0.35390625 0.16953125 0.0421875 0.05625
0 0.30078125 0.2046875 0.04375 0.059375
0 0.39765625 0.16796875 0.0359375 0.0515625
0 0.3046875 0.11328125 0.046875 0.0390625
0 0.21328125 0.125 0.053125 0.0328125
0 0.21328125 0.18828125 0.0265625 0.0390625
0 0.18125 0.17578125 0.0375 0.04375
0 0.15546875 0.15625 0.025 0.0296875
0 0.1234375 0.190625 0.0359375 0.040625
0 0.703125 0.06328125 0.1375 0.1265625
0 0.63984375 0.0703125 0.065625 0.0859375
0 0.5421875 0.01953125 0.090625 0.0390625
0 0.60078125 0.0125 0.0546875 0.025
0 0.46015625 0.4421875 0.2375 0.2109375
0 0.50859375 0.78125 0.18125 0.2359375
0 0.7203125 0.603125 0.1125 0.1671875