0 0.224136929383149 0.20027409930035472 0.448273858766298 0.3817981986007094
0 0.09697304261696911 0.4897875771970309 0.14503185633066598 0.07762019780928675
0 0.2519332780064725 0.4786635237526764 0.25340919236879245 0.202586757059629
0 0.4660639618538484 0.4809858563599837 0.16408186525911966 0.09535326708875883
0 0.6625589066582729 0.37414613763450755 0.3453512305182393 0.19120663935036716
0 0.8107997633959758 0.4792919418702849 0.2504830154212755 0.1244162929530063
0 0.9545497633959759 0.48347463967957155 0.07639095048646709 0.08186977711788863
0 0.5815838218379623 0.5351541823033734 0.27040577759614004 0.19214936223247853
0 0.739731512585197 0.610104021178887 0.11969666558343128 0.1471598079967011
0 0.8023797426996946 0.7377720316037282 0.16251936525911964 0.09530780298213629
0 0.5880911461082613 0.6549354848897982 0.1615568831160271 0.12963733887551357
0 0.2015206262227589 0.7695325646606186 0.16125687418757345 0.11244983887551356
0 0.2860086745184756 0.8102916084715549 0.13842730032431155 0.057125841382796236
0 0.17882524026406266 0.6367738889546557 0.1342852711033183 0.08823944906292791
0 0.2701399870176518 0.689456271245394 0.17521028003177203 0.10660901583511766
0 0.3788058750049429 0.7332637587089816 0.11954093262955982 0.048767772103323635
0 0.5557814322291132 0.759517684810656 0.10709547970746058 0.051529059250342256
0 0.5803996026838085 0.7821201105166188 0.11315456493480802 0.040773415676832944
0 0.598781409907979 0.8037594297960909 0.07072160308425506 0.025483384798020835
0 0.6354047025216528 0.810296586301724 0.07683523538950343 0.017852741224511703
0 0.7096643628300783 0.8101123813663014 0.03475682954530477 0.02287521034569906
0 0.07317743791115619 0.7783045079175588 0.09958298863591428 0.06848923871722903
0 0.048578632715580675 0.6650316181049731 0.08735572402541768 0.08375052586424729