0 0.1574848671402834 0.5355445684615505 0.2651823439616777 0.16016086307689897
0 0.3797073479184066 0.435564188787912 0.19520403663473135 0.13151379958972598
0 0.5456798286965296 0.3398461792401425 0.13443031094499086 0.13002123195336796
0 0.7142804217536962 0.44393891554318793 0.21632876413349428 0.17824708963168218
0 0.8060098190855912 0.7722988686527545 0.3879803618288175 0.34302367511417947
0 0.23478659430036192 0.3492859145175027 0.1816328595655099 0.1398232070582587
0 0.37393762550802645 0.31050498920283054 0.0936548247398008 0.06467965186945542
0 0.1434002764579661 0.26679456846155053 0.11091756784239584 0.09711364357108562
0 0.603481283355371 0.20055761367837693 0.06808161465389269 0.05184776514684701
0 0.893227615331261 0.43116346055952165 0.11428822930778537 0.10203794191141177
0 0.32062335424998467 0.6102458026900036 0.26706574852966203 0.19609836307689896
0 0.9411693911118586 0.25340439084857136 0.07013543758467122 0.06134116431701005
0 0.9221217407277458 0.114448634624794 0.08814180913596843 0.0782685551888033
0 0.5049430433049937 0.4754886039301146 0.11708568068726617 0.09602474025173784