0 0.4873787000468822 0.8065073961987667 0.1312237706844554 0.2693468606841346
0 0.5590911153451433 0.5630173813700191 0.11049311416679294 0.19664418973360753
0 0.6343688921779188 0.37796194905078545 0.1179238190854491 0.13133752471457932
0 0.5017069039835796 0.22324922722540594 0.15903060811666875 0.21580536661563351
0 0.14577961173090606 0.18802658201522243 0.2709407765381879 0.37605316403044486
0 0.668447413746137 0.6960288581383145 0.12132152985783762 0.17833985870696817
0 0.6888377026791609 0.5475767706858846 0.05522383118569749 0.09441584486680377
0 0.7664031247149172 0.7748303373780677 0.08499314441741408 0.10968801779449713
0 0.7684126149523599 0.295174670876165 0.044122704722264317 0.06584517589344294
0 0.48949831635497454 0.04758399479134781 0.09125223477649361 0.09516798958269562
0 0.38830137149346344 0.6519883339552077 0.1687055899662962 0.26774986859279987
0 0.500438798891973 0.4412179772254059 0.08346700585373253 0.11587435079830274