0 0.71953125 0.85546875 0.5078125 0.2890625
0 0.875 0.621875 0.1390625 0.0609375
0 0.72421875 0.5953125 0.2375 0.1796875
0 0.5203125 0.53984375 0.1578125 0.078125
0 0.3046875 0.59453125 0.33125 0.1578125
0 0.18984375 0.45703125 0.2421875 0.1
0 0.0453125 0.41875 0.084375 0.0765625
0 0.4234375 0.46015625 0.2546875 0.1671875
0 0.2921875 0.35 0.1078125 0.1359375
0 0.2640625 0.2125 0.1546875 0.078125
0 0.446875 0.34453125 0.1515625 0.1140625
0 0.846875 0.32890625 0.1515625 0.0953125
0 0.7765625 0.26953125 0.134375 0.04375
0 0.83515625 0.46171875 0.1265625 0.075
0 0.7609375 0.3890625 0.1671875 0.090625
0 0.66796875 0.3203125 0.115625 0.0375
0 0.5046875 0.25234375 0.1046875 0.0421875
0 0.48828125 0.22421875 0.109375 0.0296875
0 0.47578125 0.20078125 0.06875 0.0171875
0 0.44296875 0.18515625 0.075 0.009375
0 0.371875 0.16640625 0.0328125 0.0203125
0 0.9625 0.35234375 0.075 0.0578125
0 0.96328125 0.46640625 0.0734375 0.0734375