0 0.75859375 0.85546875 0.4796875 0.2890625
0 0.8859375 0.58203125 0.1359375 0.0484375
0 0.7328125 0.57109375 0.221875 0.1578125
0 0.52421875 0.5375 0.1515625 0.0640625
0 0.315625 0.6140625 0.3203125 0.125
0 0.18671875 0.48984375 0.2359375 0.075
0 0.0390625 0.46640625 0.078125 0.06875
0 0.41953125 0.46875 0.2421875 0.1421875
0 0.27734375 0.37265625 0.0953125 0.1265625
0 0.23515625 0.2390625 0.15 0.0640625
0 0.43125 0.35078125 0.1421875 0.1
0 0.82734375 0.29375 0.1453125 0.08125
0 0.75078125 0.2421875 0.1328125 0.0296875
0 0.82890625 0.4265625 0.121875 0.0625
0 0.74765625 0.3625 0.1609375 0.075
0 0.6484375 0.30390625 0.1140625 0.025
0 0.47890625 0.253125 0.1015625 0.03125
0 0.459375 0.22734375 0.109375 0.01875
0 0.44453125 0.2046875 0.06875 0.0109375
0 0.41015625 0.19296875 0.0765625 0.0015625
0 0.3375 0.18203125 0.03125 0.0171875
0 0.9546875 0.30390625 0.090625 0.0484375
0 0.96171875 0.41796875 0.0765625 0.0671875