0 0.12502008163405143 0.4686313044511179 0.25004016326810286 0.13740104781181833
0 0.3399762338042458 0.5321614975641131 0.1930181394219007 0.1151351623713948
0 0.5050791703170727 0.5999206484244348 0.13387993776222692 0.1179147287263694
0 0.6629294043450331 0.474838314311871 0.21352081618646537 0.1589851563212708
0 0.7676583288345127 0.1467921450065892 0.4490583423309745 0.2935842900131784
0 0.20475893898840472 0.636808611829102 0.17954763527271583 0.12286584913967821
0 0.34011609853152996 0.6539819554096354 0.09332487012586892 0.056768150467538095
0 0.1196483879487863 0.7294506297830828 0.10963695435896632 0.08653746369925486
0 0.5674230371189493 0.7252837419067724 0.06437107593472771 0.04566702400410509
0 0.8364736481212558 0.46211507963357334 0.11323555103961844 0.0928056444174139
0 0.27537204999071124 0.3747944251590144 0.26603050954776963 0.17178513817089805
0 0.8912884348392197 0.6250054441931499 0.06652557178554304 0.05348861436318479
0 0.8785847574499552 0.7617378297317692 0.08669636182749904 0.07234769867214012
0 0.4589639547599516 0.4768058561717612 0.11576855518880329 0.0850113251355733