0 0.35299343667618727 0.8566819104809914 0.58520341233587 0.28663617903801714
0 0.14663928767197917 0.7326668287839034 0.15801588584218224 0.10432202090551304
0 0.29262639946754426 0.6769768128577136 0.2911061827542901 0.2539719523626047
0 0.48696173122604247 0.5818294547816791 0.1807093413771451 0.129033594568919
0 0.7166219493748771 0.595988478247441 0.3802778101589519 0.2622842522779001
0 0.8028744518219477 0.43505024922354113 0.27280756134007794 0.17649939974588627
0 0.9272866639803325 0.36949240963394536 0.0797271947351895 0.09508425782192065
0 0.5679339674310444 0.4824279652344357 0.3048958642426358 0.24697849971765146
0 0.6768327961943177 0.3455110651356136 0.14791668874473984 0.1723439788121383
0 0.6756299386599218 0.2006157940889262 0.17909227767481414 0.12738008930724706
0 0.5194369584453697 0.3692230389684287 0.18503474282842375 0.16359060509226264
0 0.1118030185195035 0.43002767619541976 0.1796379146981227 0.14300508930724706
0 0.16994538993371544 0.3566958629847704 0.14804068511654278 0.08658848933548198
0 0.15255944937487703 0.5631355787839034 0.15063989546082907 0.1163669945971538
0 0.21200142596123212 0.4750055182040899 0.1937004146981227 0.1438241366622936
0 0.29100193439875255 0.38723177339517467 0.12734623920022675 0.07446792093374795
0 0.4409151435619125 0.28636576536149255 0.11802580290255768 0.07548438936371689
0 0.45140869945969503 0.2548805469315236 0.1192063569862416 0.06463789462538863
0 0.4593675323993196 0.22872757060904694 0.0762549651536096 0.04030575256024873
0 0.4891195197854478 0.20619241794997617 0.07910714664195542 0.032675263083592476
0 0.5567807349390576 0.17412264157102975 0.04009921034428636 0.03196263154179624
0 0.022857113524845613 0.47521210260260105 0.045714227049691226 0.0785492052052021
0 0.035845697645596517 0.5909204025884837 0.07169139529119303 0.09746580517696728