0 0.29140625 0.55234375 0.29375 0.2046875
0 0.19296875 0.43671875 0.259375 0.165625
0 0.415625 0.434375 0.19375 0.1609375
0 0.50546875 0.5265625 0.0953125 0.1140625
0 0.60078125 0.45078125 0.1140625 0.0734375
0 0.584375 0.40703125 0.0796875 0.06875
0 0.54921875 0.35546875 0.0921875 0.0671875
0 0.4546875 0.3234375 0.09375 0.06875
0 0.28671875 0.203125 0.134375 0.1
0 0.34140625 0.3109375 0.1953125 0.1640625
0 0.853125 0.6484375 0.1078125 0.1078125
0 0.696875 0.578125 0.25625 0.24375
0 0.6953125 0.8640625 0.5 0.271875
0 0.7484375 0.38515625 0.0734375 0.0640625
0 0.8484375 0.34140625 0.109375 0.06875
0 0.784375 0.290625 0.0671875 0.0609375
0 0.046875 0.3828125 0.08125 0.109375
0 0.9609375 0.5171875 0.078125 0.0765625
0 0.978125 0.39765625 0.04375 0.0796875
0 0.690625 0.34140625 0.065625 0.0515625
0 0.559375 0.3015625 0.046875 0.0390625
0 0.5328125 0.2453125 0.05 0.034375
0 0.503125 0.215625 0.0625 0.0375
0 0.403125 0.16015625 0.040625 0.0375
0 0.58671875 0.21328125 0.0671875 0.046875
0 0.73046875 0.246875 0.053125 0.059375