0 0.18125 0.5421875 0.2390625 0.1234375
0 0.39765625 0.471875 0.175 0.1046875
0 0.559375 0.4 0.1171875 0.109375
0 0.7078125 0.51484375 0.190625 0.146875
0 0.7984375 0.83984375 0.403125 0.2890625
0 0.2703125 0.37578125 0.159375 0.1125
0 0.40234375 0.35390625 0.084375 0.0515625
0 0.19140625 0.28984375 0.096875 0.0796875
0 0.625 0.27578125 0.0578125 0.0421875
0 0.875 0.5203125 0.1 0.0859375
0 0.32890625 0.628125 0.2390625 0.1578125
0 0.93515625 0.36015625 0.059375 0.05
0 0.928125 0.228125 0.0765625 0.065625
0 0.51015625 0.52109375 0.103125 0.078125