0 0.09751980762706307 0.7119146682415017 0.19503961525412614 0.43867066351699646
0 0.25139124194099766 0.9346006561757843 0.06586310217691826 0.05379961179556503
0 0.2920931422111501 0.8192559091710091 0.2478125397405317 0.3036061827542902
0 0.3908754157096131 0.5824974644358194 0.11753970798203354 0.1929365228654909
0 0.3624329902965352 0.32443199329176003 0.2358433077966991 0.40774804573098156
0 0.5415798316736802 0.19957085863070417 0.15389884863353914 0.29564486061443873
0 0.6112896748649238 0.04404386080369781 0.10042164065150558 0.08808772160739561
0 0.499191401914615 0.4749354463796521 0.23596730416850206 0.3219196731356432
0 0.650195885124392 0.3292087402117171 0.1752232332097769 0.14657244355406326
0 0.8156125539988659 0.30704601961581185 0.11753970798203354 0.19293652286549082
0 0.6312846501005165 0.5132389998303639 0.15816470798203355 0.194355179126093
0 0.5900445141735162 0.9344790827699885 0.12180556733052797 0.0916468413771451
0 0.6645460063689679 0.9014458387604382 0.07080855172143127 0.1507291754978958
0 0.43641108268517054 0.9320411074495778 0.09578870435383635 0.10634425843752063
0 0.5264656530109233 0.8781770082678845 0.1321478450053421 0.20905259618646851
0 0.6229264799600982 0.7749304679791985 0.06105160580511537 0.13946429328391083
0 0.7293104331328083 0.5886258910300237 0.06530259618646853 0.1271279843909033
0 0.7650396020072823 0.5709919577275795 0.052966287293461 0.13137897477225663
0 0.7951363297747637 0.5582364973832933 0.03257937622353531 0.08384921034428636
0 0.8182935767795387 0.5207538555506612 0.023422631032858732 0.08977182813030105
0 0.8515996393007434 0.4384398633552096 0.02954365626060209 0.04160714664195542