0 0.21481490351984056 0.7678220124852471 0.4296298070396811 0.4456059750295058
0 0.057050870326361525 0.4979351194260676 0.11410174065272305 0.11037976114786474
0 0.1929595238462021 0.4993997944162324 0.31425636722608385 0.27065026165206785
0 0.42228017094177267 0.47792436011978817 0.19529103444287887 0.13643951659574646
0 0.625355781519872 0.5771820429036231 0.40812476639624684 0.27876840027177197
0 0.7910893705268542 0.4513575982156187 0.2940371103776066 0.18841691585911224
0 0.9298442172075063 0.4354380312515552 0.07140324855010753 0.10135468639013112
0 0.5493171902378047 0.411534899592342 0.32928937137526865 0.26393036808868525
0 0.7219393966713634 0.31786739104236716 0.16134300954776962 0.18069226114786482
0 0.7971430740606279 0.1766143243304052 0.19204763527271584 0.13465849530842297
0 0.564435472606091 0.2838087373395259 0.2011392153566284 0.17259553788306992
0 0.1579864082937254 0.1917783185535474 0.19491252614450913 0.15195525595208476
0 0.25036408505829005 0.14180046186482853 0.15771925684847724 0.09184828243518828
0 0.1245558338088902 0.33555009788664253 0.1616497402517377 0.12320754307885
0 0.22653365351984056 0.27169005765778415 0.21041912697434614 0.15148536238870208
0 0.3449885782098128 0.2160031503486466 0.1365779626573361 0.07949039406758569
0 0.5362414628578287 0.17387636246557667 0.12575886182749904 0.08028806956195363
0 0.563135849580437 0.1471281921669889 0.1279366684661948 0.06800659084927707
0 0.583484238377638 0.1247233144430481 0.07928568091374952 0.041291271539425
0 0.6231387342284531 0.11417929835150471 0.08338118506293454 0.033806553470410214
0 0.7021633833986162 0.1070991358465871 0.04131208423309758 0.032419016091543365
0 0.05798640829372537 0.19877099974789847 0.04727866431701004 0.07013753737886685
0 0.02095509989278709 0.320542092942964 0.04191019978557418 0.08587179802252862