0 0.17890625 0.49765625 0.2296875 0.09375
0 0.40234375 0.4578125 0.165625 0.0828125
0 0.57265625 0.40859375 0.1046875 0.0953125
0 0.70390625 0.54296875 0.1765625 0.1234375
0 0.7796875 0.8828125 0.440625 0.23125
0 0.2890625 0.3453125 0.1484375 0.09375
0 0.4234375 0.3421875 0.0796875 0.040625
0 0.2234375 0.24921875 0.0890625 0.06875
0 0.6546875 0.2953125 0.0546875 0.034375
0 0.86875 0.57265625 0.090625 0.0734375
0 0.3125 0.603125 0.2234375 0.128125
0 0.95 0.421875 0.0546875 0.04375
0 0.96171875 0.290625 0.0703125 0.05625
0 0.5078125 0.52265625 0.0953125 0.065625