0 0.7224821152558245 0.5967560482628702 0.32766489853730274 0.25348218638248704
0 0.8338678542987757 0.49211816668185726 0.2894012394466934 0.20842265752654665
0 0.6052928409060951 0.4583706161415524 0.21887055113509052 0.19346729092165801
0 0.5044354987788887 0.5399529436388812 0.11317393019392785 0.1319990228654909
0 0.41305079382819454 0.44853428075485713 0.12808981818121906 0.09191965988879928
0 0.4341757715070601 0.4063294225874891 0.09045345048646744 0.08279763103285873
0 0.4747229050301245 0.35855661069925676 0.10292617694751698 0.08167164065150559
0 0.5751086887153445 0.339419719499597 0.10454322402541756 0.08485120435383653
0 0.7584239748361966 0.24041676822580338 0.15048301542127546 0.12237105172143128
0 0.6930638019458694 0.34275802902557656 0.2220500982129911 0.19670141832631982
0 0.13643156696010778 0.6145486280376339 0.12400233603812652 0.1261309687818068
0 0.3026508563273707 0.5649181941870355 0.29547968993316054 0.2882738486335391
0 0.28262827718580774 0.83984375 0.5415285754848196 0.3203125
0 0.26706040949435134 0.35989338828925294 0.08253185633066593 0.07627481252120454
0 0.16843594886161423 0.30101440689357445 0.12175799756436803 0.08701390507947586
0 0.23873876623205442 0.25818455534962836 0.07620003571381498 0.07136905771188111
0 0.9703512305182393 0.4556499317427997 0.05929753896352139 0.12104167549789598
0 0.04479171752930063 0.46378224700477516 0.07491027110331835 0.08693949400955034
0 0.03640074472169894 0.3409077421954517 0.04209777110331836 0.08579365626060227
0 0.33044107102059284 0.323068000084818 0.07447389448011296 0.061939494009550254
0 0.4690535576279123 0.3021429195922642 0.05391593262956 0.04716766587924912
0 0.5016790969951751 0.24784728919237758 0.05536933847375849 0.04097222958157998
0 0.5347955600635442 0.22167665879249093 0.06954093262956 0.04771330290255769
0 0.6425847406645092 0.17937508610448546 0.04607615909060954 0.04533234736759484
0 0.44944839529089187 0.2077654370154593 0.07598184740221221 0.05886905771188111
0 0.29821317775829587 0.22122275788936632 0.062082988635914306 0.06775298439090341