0 0.8660691435236455 0.52818665945254 0.24771406743868063 0.1731487880330894
0 0.638835149507569 0.487250934754905 0.20952308320625015 0.1430249360279987
0 0.4556057286297566 0.4358867873965425 0.148512848023889 0.1391908640197263
0 0.31232524126319394 0.5819158080442252 0.23252547853284744 0.19171697469763488
0 0.25850403134770755 0.8768170386696361 0.476058579406528 0.24636592266072768
0 0.7620388730064234 0.36443214743790425 0.19248105357097245 0.14907494135899882
0 0.6175258068020135 0.36196912408495063 0.10007404160312508 0.07145792401336308
0 0.8348061854111108 0.2597815574474493 0.1211502610179167 0.10450678134945379
0 0.3670543345374303 0.31216692938413404 0.07005923328250008 0.05704997867599957
0 0.13261890425722173 0.6142090453532718 0.12598323138263895 0.11081132535008997
0 0.7359978241851037 0.6438923807685862 0.28772212480937503 0.21422832137172546
0 0.044976699944409344 0.4514266873408633 0.07332970364722227 0.06333634134309048
0 0.040658754749652665 0.30832157733927246 0.08131750949930533 0.08539315467854491
0 0.5254434903132634 0.5578259694064057 0.1273638934267362 0.10301700668363552