0 0.48375045762427654 0.3252486099910176 0.24770654181102608 0.3294700524036106
0 0.603654162970653 0.2486846929317581 0.20168141026922976 0.28657992337435145
0 0.5994349127588915 0.4698372315274063 0.18848418927901206 0.2201347171537959
0 0.5042126889966635 0.5431196151748139 0.12806335779368574 0.1169126808672221
0 0.5781877862670056 0.6521911102738416 0.09138240514873246 0.12769435598499984
0 0.6219454915427949 0.6428058398214803 0.0800052893919517 0.09249914976444433
0 0.6748128863093579 0.6163403761080544 0.0807333314853265 0.10499914976444433
0 0.7101140785015547 0.528488353063795 0.08247784200867017 0.10826085080120365
0 0.8360332944418619 0.38171924274347063 0.11912797355046649 0.15033077360990718
0 0.7262634522920175 0.41875176809680426 0.19344470506402764 0.22523232026407386
0 0.37079032814861884 0.8680041635724068 0.12235938936371679 0.12574087672018486
0 0.44638332039728545 0.7246047695574067 0.28173293131591726 0.2998016762490735
0 0.17599522568719214 0.6729671912348145 0.3053957573983976 0.545934382469629
0 0.6394500519108467 0.8098955950052765 0.07495376834526439 0.08583904665416639
0 0.6806581518120247 0.9168776183323599 0.08329688936371689 0.12232335080120364
0 0.7342312018684944 0.8624922061740727 0.07137374203690498 0.07775314458064812
0 0.6626511894201865 0.11393783751240613 0.1221927893919517 0.09619007775694426
0 0.4987549754048435 0.9753785832235644 0.08772678413027979 0.04924283355287109
0 0.684747870383168 0.7602270771448136 0.06025423151356133 0.07367123732333311
0 0.7296291889260764 0.6366815618762487 0.04509966837349921 0.05369092799249984
0 0.7869488652626705 0.6199328507547207 0.04215667889684269 0.05654252591898157
0 0.8173875231834131 0.5953914720082855 0.04591871572854593 0.06775342799249984
0 0.8758987022214303 0.5056837145154149 0.043173147326811545 0.0473042269557407
0 0.8160063046828571 0.6784384178612485 0.055657736775233245 0.07482363421305553
0 0.7789752834949953 0.8166615877952299 0.06586719468185845 0.06328054147037036