0 0.2836009353820589 0.36741125555914483 0.3467700801956447 0.24411465612487895
0 0.1435230552141007 0.44861073770335985 0.2870461104282014 0.20012830678880889
0 0.3557496383444062 0.5342992945903646 0.2340908050572171 0.19191583098930565
0 0.4854359407807296 0.4740935684962738 0.12071062307124443 0.12877950585373252
0 0.5476577336563293 0.5885605894753169 0.13539488433001132 0.08981699980360833
0 0.5124921892395702 0.6250884419346449 0.09573160703211539 0.08021474082661798
0 0.4544200709486878 0.6653907341873184 0.10979410703211538 0.08029655405833439
0 0.34597651527316187 0.662415204231285 0.11301923658176474 0.0818772347764936
0 0.12654659238648763 0.7205357346782978 0.1590722162236991 0.11806926483072289
0 0.22907891194167423 0.6328180869412341 0.2340908050572172 0.19191583098930565
0 0.885085487356957 0.48188945042065595 0.13467299352159506 0.1272988190854491
0 0.6982968861849379 0.4940889476901815 0.31187344848652715 0.2845214875069681
0 0.7716282688169062 0.19127756507842827 0.4549411304725 0.3478305294650541
0 0.6656789435585069 0.7103861133812261 0.08761871838316751 0.07548178903121965
0 0.7464097069767421 0.792136083130605 0.12708173658176475 0.08195904800821019
0 0.6601823103082297 0.8205514537403058 0.0811684592838688 0.07232042759490157
0 0.00847742674418554 0.45246646984757477 0.01695485348837108 0.11743293969514959
0 0.9179714312200058 0.6516752304748852 0.05989423658176492 0.08156816256778647
0 0.8914916694998134 0.7843831913454696 0.041144236581764915 0.08145907825883114
0 0.589958250313767 0.7333918213249442 0.07724242288667434 0.05980224687674216
0 0.44129021283683834 0.7239299420328408 0.05602875693983016 0.045621572208706954
0 0.390580011572534 0.7713089360809124 0.05729086829088237 0.04094316256778665
0 0.34797220697674214 0.7898180415653024 0.07155362739018098 0.044149975799503235
0 0.22328308760612564 0.8086311531980128 0.04967862739018099 0.04402271077238851
0 0.4302444864341064 0.8231214209556018 0.08016716378737562 0.056695427594901204
0 0.5875866170634898 0.8435753424021829 0.06524307063492074 0.06754202400410492