0 0.30078125 0.58125 0.2765625 0.1703125
0 0.1875 0.4796875 0.2453125 0.134375
0 0.40703125 0.446875 0.178125 0.140625
0 0.50859375 0.52578125 0.0828125 0.1046875
0 0.59296875 0.43671875 0.109375 0.0609375
0 0.5703125 0.396875 0.0734375 0.059375
0 0.528125 0.35 0.0859375 0.05625
0 0.43046875 0.33125 0.0890625 0.0578125
0 0.246875 0.2359375 0.125 0.084375
0 0.3171875 0.334375 0.1796875 0.1421875
0 0.8703125 0.59765625 0.096875 0.096875
0 0.70546875 0.55 0.23125 0.2171875
0 0.75 0.86328125 0.46875 0.2734375
0 0.7296875 0.3515625 0.0671875 0.05625
0 0.82265625 0.29453125 0.1046875 0.0546875
0 0.75234375 0.25234375 0.0609375 0.0546875
0 0.03515625 0.446875 0.06875 0.103125
0 0.95859375 0.453125 0.0703125 0.06875
0 0.97109375 0.3296875 0.0578125 0.071875
0 0.6671875 0.31640625 0.0609375 0.04375
0 0.53125 0.2953125 0.04375 0.0328125
0 0.496875 0.24296875 0.046875 0.0296875
0 0.46328125 0.21796875 0.059375 0.0296875
0 0.35625 0.17734375 0.0375 0.0328125
0 0.54609375 0.2046875 0.0625 0.0390625
0 0.69296875 0.2171875 0.046875 0.053125