0 0.5647857529131846 0.29609375 0.25468458390440085 0.321875
0 0.4580113791227218 0.184375 0.20865945236260472 0.2828125
0 0.4257015951336163 0.4171875 0.1952802208490434 0.2140625
0 0.5088487531249462 0.51875 0.13127936305535765 0.1078125
0 0.4182321874246352 0.6125 0.09312691567207612 0.1234375
0 0.3741027558263692 0.5921875 0.08331229991529536 0.0890625
0 0.3256876426298373 0.5515625 0.08247784200867017 0.1015625
0 0.30499498200767156 0.45078125 0.08413134727034208 0.103125
0 0.20171660551578566 0.265625 0.1226169945971538 0.146875
0 0.30726938452556796 0.33125 0.19849622611071513 0.215625
0 0.5902689982162102 0.89140625 0.12731990514873245 0.1203125
0 0.5375975664767698 0.72265625 0.29165396288594836 0.2859375
0 0.815821277014231 0.734375 0.3137542889684287 0.53125
0 0.3298081823041376 0.7625 0.07669827886860806 0.0828125
0 0.27076784029546747 0.8640625 0.08669490514873238 0.1203125
0 0.22647107970153663 0.79296875 0.07311825256024873 0.075
0 0.4189551263507115 0.03671875 0.1245897472985769 0.0734375
0 0.4385707193476021 0.97421875 0.08737817363517095 0.0515625
0 0.31288817988506323 0.9859375 0.08546706314006211 0.01875
0 0.29208764540184756 0.69921875 0.06199874203690507 0.071875
0 0.2675111215831499 0.5578125 0.04684417889684287 0.053125
0 0.21308122681658687 0.5265625 0.04233868942018652 0.05625
0 0.18613158994253162 0.49296875 0.04775423151356133 0.06875
0 0.14089395562872514 0.384375 0.04491765785015547 0.046875
0 0.1724415452889081 0.58046875 0.058964747298576904 0.0734375
0 0.1877417796450669 0.73359375 0.0691742052052021 0.0609375