0 0.7665347368947909 0.8944822921337906 0.24211999050069472 0.21103541573241885
0 0.579763395139166 0.8103626415249675 0.16043619224805586 0.37927471695006504
0 0.7096178153513885 0.6528036857847899 0.21036084422416684 0.2604584942501241
0 0.6893624795796871 0.5141717494202718 0.12129703780340292 0.1861284318225902
0 0.6568071655594789 0.36592569699467753 0.1360505220358334 0.21696384364130097
0 0.8493226270904859 0.3338938023049081 0.17845753400368097 0.29684253333979893
0 0.9526476488419788 0.3337180723087875 0.08612195079743046 0.14894742515463041
0 0.9740310331506595 0.3902549857944882 0.044664415462569454 0.31087359818322896
0 0.5439597138121177 0.4725587210814428 0.13586999050069473 0.2762112978836665
0 0.4992122178961803 0.3773260983524067 0.14785953780340294 0.18829670970237727
0 0.4073487601648954 0.5240260130460554 0.11283122758291686 0.22442565727678296
0 0.33307415235736065 0.5876263853160496 0.09081075721819465 0.2163900166698994
0 0.3956436214878119 0.7578908300155174 0.20214830072118078 0.24263326546195146
0 0.2953351501731591 0.7293516286480898 0.0633377610179167 0.10809928454774695
0 0.2503129376922216 0.7468103245555054 0.05494468597979178 0.14952151000193972
0 0.19164514608909658 0.812467404401845 0.09433449430041678 0.1667726539428031
0 0.41269991565638814 0.9462366265220579 0.137575348023889 0.10752674695588418