0 0.17289885971864996 0.8434695560386374 0.1506957629424181 0.23296666542531524
0 0.353945191415738 0.7104814658823815 0.19556718913783797 0.361275755995856
0 0.25258927581424906 0.5170097557909683 0.17874516823232484 0.20622438296032683
0 0.44062135488050114 0.38291292990273607 0.11789867349399667 0.20494867328319827
0 0.5004598154885495 0.293955283707843 0.07384629465362362 0.09070208271265771
0 0.4854458203972854 0.6683217369748307 0.04720819994353036 0.061412688998963995
0 0.5026766359564221 0.9103636877606188 0.08939569994353018 0.06337760339082195
0 0.71140064662094 0.7549355173729048 0.04977175782192056 0.07867296360606986
0 0.6747127177240972 0.7033751714256807 0.05989021046687402 0.06511988585581072
0 0.6000712205666947 0.48437476840636207 0.06776289462538862 0.12002570967712849
0 0.6020417861964183 0.6527073914418914 0.062347352532014 0.1073073858558109
0 0.1600105787839034 0.1648886377178377 0.1484052208490433 0.22039389081820956
0 0.05102271565795864 0.13627994830458892 0.09221686305535759 0.11181510339082217
0 0.28948378910960304 0.3703680421848984 0.11985601564384121 0.15829199710451594
0 0.6330998833255862 0.9035057580672798 0.07671368942018653 0.05967040653397504