0 0.9084864350682917 0.8955025292569129 0.1830271298634166 0.2089949414861742
0 0.7187146452750113 0.8197534235722295 0.1259941101144344 0.3604931528555412
0 0.807280090217794 0.6518787856350087 0.19420628469915152 0.2412302621279716
0 0.7565815784976018 0.5156225501788761 0.10925149136212671 0.17678538273097572
0 0.6905887338039876 0.37112338002521567 0.11896645280546388 0.20711061151914842
0 0.8694263301956446 0.31189125654727357 0.15668530073828038 0.2863515724294737
0 0.9657937831579921 0.29640939094523927 0.06841243368401564 0.1391897878817268
0 0.9973546637873756 0.3444003518555645 0.005290672425248744 0.3025828660610763
0 0.6059307364248812 0.49322190744596084 0.11203413479143656 0.26871779121570666
0 0.5403674907438178 0.40393639577703117 0.13551360271317864 0.1742661606107628
0 0.4861875377814705 0.565049496835198 0.09320498920265834 0.21744233363936125
0 0.4286940152639366 0.6380726665298166 0.07122985965300899 0.21409419303247787
0 0.527719405454044 0.8008115247149851 0.186854859653009 0.22353257909743326
0 0.4241938872554467 0.7861435047111057 0.05494592072720579 0.10551641848667064
0 0.3853211543743099 0.8101710650126078 0.04222467766703621 0.14955346091032523
0 0.34340256708195127 0.8836884422835718 0.08188795496493206 0.16211710485118863
0 0.5913975809616119 0.9700406594028148 0.12349566162790726 0.05991868119437029