0 0.1953125 0.8484375 0.1921875 0.103125
0 0.28828125 0.66953125 0.3046875 0.1265625
0 0.471875 0.73125 0.1640625 0.1328125
0 0.56484375 0.5453125 0.171875 0.0765625
0 0.63515625 0.4796875 0.071875 0.0546875
0 0.3078125 0.54765625 0.05 0.034375
0 0.0921875 0.5671875 0.0453125 0.0734375
0 0.20078125 0.36015625 0.065625 0.034375
0 0.25078125 0.3859375 0.0515625 0.0453125
0 0.45390625 0.41953125 0.1015625 0.04375
0 0.30546875 0.4421875 0.0890625 0.040625
0 0.7953125 0.76171875 0.18125 0.103125
0 0.83515625 0.86640625 0.0859375 0.0953125
0 0.59609375 0.67734375 0.128125 0.0859375
0 0.0796875 0.4515625 0.0453125 0.0609375