0 0.14131282077494958 0.7999608640413036 0.20292610001590833 0.12070578652459396
0 0.26209639341976876 0.6411643368489054 0.3158079080203627 0.1554819813290184
0 0.4350622734324954 0.7379144261334428 0.1782533640197265 0.1483944099013886
0 0.5596520987428146 0.5705923327884204 0.1807238360120902 0.09219895697928919
0 0.6410651834022696 0.5188991935833132 0.0787977093411815 0.05917617694751698
0 0.30291120273708766 0.5239319724005647 0.05359771467218159 0.04155230032431163
0 0.08393393606776962 0.500582426947517 0.05245338534372679 0.07746252678536117
0 0.22629251670908895 0.31638647930042346 0.06920453333863615 0.040262535713814974
0 0.27200500604708877 0.3515524119299833 0.05526930267345422 0.05095457386326192
0 0.4689078253898611 0.424506491068251 0.10686816534054522 0.05497960064862308
0 0.31730896272277015 0.418735957790068 0.09275112133990877 0.05004663879807012
0 0.7548304281110403 0.8309782280793122 0.1904079186823628 0.11892509821299128
0 0.7764247121259942 0.9414890340856665 0.09335110534690863 0.10160913879807013
0 0.5690554654280411 0.707447450483172 0.1370465613462722 0.09768529788867966
0 0.08960158605186125 0.38351765787279357 0.05074543467536323 0.06493525324641088