0 0.8262838627009563 0.89462256924878 0.13321922249741008 0.11683743145709151
0 0.6578678105912604 0.7969116532943554 0.2026371182780183 0.3359206314006219
0 0.7830241300693517 0.6189925086689666 0.18304374813797325 0.21635158404557514
0 0.6057810415657258 0.4766061295462448 0.12047097353086719 0.21114887357870132
0 0.5547879299027361 0.38374306633559546 0.07453342721213971 0.09472023677523325
0 0.5282916265546952 0.7686185952747906 0.049785984284234176 0.06523015785015555
0 0.2858451073242728 0.8551986503105835 0.05222177956950454 0.08407116311182747
0 0.3311062574481073 0.8034772556146077 0.06235875889134022 0.06752069994353035
0 0.43113845244292737 0.5794944530684764 0.06973891935425698 0.12560621572854574
0 0.4105968583577301 0.7528787451618512 0.06276117328319834 0.10961719468185845
0 0.9159866031859345 0.25674386667441385 0.14925094499482014 0.22684946828879457
0 0.7620310415657258 0.46750560337905994 0.12141273531769166 0.16445588410204498