0 0.12547019211485835 0.8407084290741664 0.14327947469763497 0.23467471463952733
0 0.3107071634309046 0.7046681135250166 0.18537716271481602 0.3631293544242794
0 0.21468449673772402 0.513722089951368 0.17265789202736243 0.20949493217453857
0 0.40771578672022474 0.3757554013666888 0.11172039202736243 0.20665672249741007
0 0.4699788820416799 0.2853080297789016 0.071330654678545 0.09077485731976358
0 0.4430742207590412 0.6602010219210187 0.04445907200827239 0.062975188998964
0 0.45292357745858514 0.9020610361890423 0.0882090720082724 0.06501287799792799
0 0.666821350771768 0.7435806404084341 0.047784066677272106 0.08030823821317572
0 0.6310560260979955 0.6928743190683158 0.0569954346753633 0.0666823858558109
0 0.563639617401315 0.47480071526320894 0.06542610001590851 0.12017125889134021
0 0.5601253607574505 0.6430241763880794 0.05903064934754489 0.10738016046291676
0 0.13320449335613532 0.161855683003108 0.14157152402927137 0.22210194003242129
0 0.03519370735199914 0.13593534594722406 0.06846019334818113 0.11250430810555186
0 0.25596238271799765 0.36640828825595695 0.11586245202099903 0.16000004631872758
0 0.5833741461250397 0.8944218564957034 0.07567270934118149 0.06130568114108144