0 0.20703125 0.84921875 0.234375 0.1734375
0 0.26640625 0.65234375 0.353125 0.0640625
0 0.453125 0.73125 0.2 0.1515625
0 0.5734375 0.68046875 0.153125 0.078125
0 0.69921875 0.61640625 0.1796875 0.0859375
0 0.78359375 0.78203125 0.2484375 0.109375
0 0.815625 0.8890625 0.1171875 0.0828125
0 0.778125 0.96015625 0.2828125 0.0796875
0 0.5703125 0.53984375 0.240625 0.06875
0 0.64453125 0.47734375 0.1453125 0.10625
0 0.484375 0.4296875 0.19375 0.0578125
0 0.40546875 0.37734375 0.19375 0.0390625
0 0.26796875 0.4734375 0.184375 0.146875
0 0.26484375 0.3765625 0.0921875 0.0375
0 0.23671875 0.340625 0.1359375 0.01875
0 0.16015625 0.303125 0.1421875 0.0546875
0 0.06875 0.53828125 0.1375 0.103125