0 0.178125 0.83203125 0.1875 0.09375
0 0.2796875 0.65859375 0.3 0.1125
0 0.459375 0.7296875 0.159375 0.125
0 0.5625 0.5484375 0.16875 0.06875
0 0.63671875 0.48671875 0.0703125 0.05
0 0.30625 0.5375 0.0484375 0.0328125
0 0.08984375 0.5453125 0.0421875 0.071875
0 0.20859375 0.34453125 0.065625 0.03125
0 0.25703125 0.3734375 0.0484375 0.04375
0 0.4578125 0.4171875 0.1 0.0390625
0 0.30859375 0.4328125 0.0875 0.0359375
0 0.78125 0.77734375 0.1765625 0.09375
0 0.81484375 0.88359375 0.08125 0.090625
0 0.58671875 0.68203125 0.125 0.0796875
0 0.0828125 0.4296875 0.0421875 0.059375