0 0.5091823224764933 0.8311990237541516 0.19419481456303558 0.2289026573089707
0 0.5493149202833582 0.6397136281653732 0.24731317051050078 0.2618944324473983
0 0.4394408740376884 0.48762829889257925 0.11675148801421234 0.1180466980251019
0 0.4328932236535755 0.34773448411775454 0.1253828595655099 0.1341723457733484
0 0.2980235786965297 0.3618644401624208 0.12053158525525039 0.13074695712440043
0 0.6811270850281078 0.5074146630214085 0.14774918249628843 0.1449491594684389
0 0.5445853974434367 0.4597257395164254 0.11017393939369349 0.11139617982650449
0 0.6583712584792847 0.40226608806755093 0.11716092378986112 0.1258591980251019
0 0.7924696195151325 0.34350475247323536 0.15440861827193722 0.15316217766703613
0 0.7553370324508599 0.17343208436692312 0.0969369549975255 0.09653264342930994
0 0.6787546002932558 0.2677013209486878 0.1229948439616777 0.14803458667404978
0 0.5162402329258298 0.15818302591361996 0.1338571008590826 0.11758562307124434
0 0.42424308344622813 0.048065151144332616 0.08707063206674696 0.08655686613141403
0 0.26828741180407356 0.21326625385751133 0.09208568068726616 0.09310725478036197
0 0.8935574067156911 0.2531522578719062 0.127525213703953 0.11562260487264701
0 0.8146578007682257 0.22842117057954758 0.09019563206674697 0.0867571252307127