0 0.6015625 0.84140625 0.1359375 0.1828125
0 0.51796875 0.6703125 0.1828125 0.2
0 0.5859375 0.4984375 0.0890625 0.0875
0 0.559375 0.36484375 0.090625 0.103125
0 0.68984375 0.3453125 0.0875 0.1
0 0.36171875 0.57734375 0.1140625 0.10625
0 0.4796875 0.4984375 0.084375 0.084375
0 0.359375 0.4734375 0.0859375 0.096875
0 0.21796875 0.44921875 0.1203125 0.1140625
0 0.21328125 0.27890625 0.075 0.071875
0 0.30703125 0.35 0.0859375 0.11875
0 0.4359375 0.20625 0.10625 0.0828125
0 0.496875 0.07890625 0.0671875 0.0640625
0 0.6828125 0.19765625 0.0703125 0.0703125
0 0.1015625 0.3890625 0.1 0.0828125
0 0.1703125 0.34609375 0.0703125 0.0625