0 0.57734375 0.83515625 0.14375 0.1890625
0 0.5125 0.68125 0.1953125 0.2109375
0 0.5859375 0.49921875 0.1 0.1
0 0.5703125 0.3734375 0.0890625 0.1015625
0 0.6984375 0.3578125 0.0828125 0.090625
0 0.36171875 0.57578125 0.1234375 0.1359375
0 0.47578125 0.49765625 0.0796875 0.0875
0 0.36015625 0.4734375 0.0859375 0.08125
0 0.21875 0.43515625 0.11875 0.10625
0 0.1328125 0.45546875 0.08125 0.0859375
0 0.115625 0.3671875 0.0875 0.0796875
0 0.178125 0.3296875 0.078125 0.078125
0 0.225 0.26796875 0.084375 0.059375
0 0.315625 0.31484375 0.0765625 0.0671875
0 0.3203125 0.36484375 0.071875 0.0640625
0 0.45234375 0.2015625 0.1109375 0.0890625
0 0.703125 0.2078125 0.0703125 0.065625
0 0.8109375 0.06484375 0.15 0.1296875