0 0.6619175714258341 0.9073492118284092 0.20047669794763917 0.18530157634318165
0 0.5570092530372228 0.7815670592627321 0.2625415932742364 0.2912300042520638
0 0.5895996282278476 0.5736906574459608 0.1327060100679862 0.1402737978836665
0 0.5412504343642711 0.43952308047455924 0.12016964247680555 0.1376909318225902
0 0.6737713404244448 0.4043344927523121 0.11210256933854179 0.1261157030344174
0 0.370034623478195 0.6883278869830395 0.16809930262104178 0.1868298045516262
0 0.47215820829996574 0.5867172027445534 0.10726959897381949 0.11948306576151388
0 0.342488892095556 0.576912154860887 0.11341049620027785 0.11530574879205205
0 0.18291387034406295 0.5553087375821644 0.15487195079743069 0.1545594384905499
0 0.09635942771475743 0.5887911751546303 0.10883209897381954 0.11961061151914834
0 0.06143760742628514 0.4954877142443051 0.1024366286090973 0.11285042848861018
0 0.11254485932614619 0.446635497125062 0.10236389342673621 0.10972542848861018
0 0.14746341356270865 0.3722890724294737 0.1050524823325695 0.09123052000387925
0 0.2559668977951392 0.4107772297062565 0.10051045269729171 0.09709788273097572
0 0.27282839589527813 0.46517768728260195 0.09258884992375008 0.09177265394280312
0 0.3727335576550349 0.2682545030441158 0.14186280452090286 0.1316640724294736
0 0.6403197947372571 0.2401923733572559 0.09106271751493064 0.09320760818516849
0 0.7190961453265973 0.10704477563306898 0.19131729065319458 0.11230803667377875