0 0.89140625 0.346875 0.196875 0.184375
0 0.740625 0.47265625 0.2609375 0.246875
0 0.5375 0.43828125 0.115625 0.1171875
0 0.396875 0.4984375 0.134375 0.1234375
0 0.3453125 0.36015625 0.1296875 0.11875
0 0.67578125 0.665625 0.1421875 0.15
0 0.56171875 0.5546875 0.1109375 0.1109375
0 0.5625 0.6921875 0.1265625 0.1171875
0 0.56875 0.853125 0.153125 0.1578125
0 0.38359375 0.89765625 0.096875 0.1
0 0.4390625 0.778125 0.15 0.121875
0 0.25234375 0.67109375 0.115625 0.1359375
0 0.0984375 0.63359375 0.0859375 0.0890625
0 0.18515625 0.40234375 0.0921875 0.0921875
0 0.5234375 0.9640625 0.10625 0.071875
0 0.46640625 0.92890625 0.084375 0.090625