0 0.44140625 0.8515625 0.1359375 0.1828125
0 0.44140625 0.6609375 0.1828125 0.2
0 0.578125 0.53671875 0.0890625 0.0875
0 0.6125 0.4046875 0.090625 0.103125
0 0.73828125 0.44453125 0.0875 0.1
0 0.34140625 0.509375 0.1140625 0.10625
0 0.48203125 0.48984375 0.084375 0.084375
0 0.38515625 0.4140625 0.0859375 0.096875
0 0.26875 0.33125 0.1203125 0.1140625
0 0.3390625 0.17578125 0.075 0.071875
0 0.39296875 0.28046875 0.0859375 0.11875
0 0.57109375 0.2078125 0.10625 0.0828125
0 0.68125 0.1203125 0.0671875 0.0640625
0 0.796875 0.30859375 0.0703125 0.0703125
0 0.190625 0.22578125 0.1 0.0828125
0 0.27109375 0.2171875 0.0703125 0.0625