0 0.51796875 0.84375 0.1171875 0.171875
0 0.48125 0.68046875 0.1671875 0.184375
0 0.58515625 0.5140625 0.0859375 0.0859375
0 0.59140625 0.3875 0.075 0.090625
0 0.7203125 0.39453125 0.0703125 0.0796875
0 0.35078125 0.55078125 0.1046875 0.1203125
0 0.4765625 0.49375 0.0671875 0.078125
0 0.3671875 0.45 0.0765625 0.06875
0 0.234375 0.3875 0.1046875 0.090625
0 0.14609375 0.3921875 0.0703125 0.0765625
0 0.14453125 0.30234375 0.078125 0.0671875
0 0.2125 0.2765625 0.0671875 0.0671875
0 0.26953125 0.2234375 0.078125 0.046875
0 0.35078125 0.2859375 0.06875 0.0546875
0 0.34609375 0.3359375 0.0625 0.053125
0 0.5046875 0.19765625 0.1 0.0734375
0 0.75078125 0.24765625 0.0609375 0.05625
0 0.88203125 0.1234375 0.1328125 0.1125