0 0.44609375 0.83984375 0.15 0.1921875
0 0.44375 0.67265625 0.2015625 0.215625
0 0.58046875 0.53125 0.103125 0.1015625
0 0.6125 0.40859375 0.090625 0.103125
0 0.7375 0.44296875 0.0859375 0.0921875
0 0.34375 0.51875 0.128125 0.1390625
0 0.478125 0.4890625 0.08125 0.0890625
0 0.38046875 0.4234375 0.0890625 0.0828125
0 0.26328125 0.334375 0.1203125 0.109375
0 0.1765625 0.32109375 0.084375 0.0890625
0 0.19375 0.2328125 0.0890625 0.08125
0 0.265625 0.221875 0.0796875 0.0796875
0 0.33203125 0.18125 0.0859375 0.0625
0 0.3984375 0.259375 0.078125 0.06875
0 0.38359375 0.3078125 0.0734375 0.065625
0 0.5671875 0.20546875 0.1125 0.0921875
0 0.79765625 0.30546875 0.071875 0.0671875
0 0.9375 0.2109375 0.125 0.1375