0 0.6657916969569182 0.832133926764827 0.2278728997675689 0.2470971248093754
0 0.609023254866804 0.6560974504161811 0.29154191585911243 0.28757796086541704
0 0.41934375981048255 0.5424856260436461 0.14689641535490913 0.137575348023889
0 0.3430165705703598 0.4213723858272919 0.13283391535490924 0.1372480397032639
0 0.2276754298569687 0.4896658313063891 0.12560056956195362 0.1230400693385418
0 0.657521466983734 0.46847147026781305 0.1845492346647612 0.1852504350298613
0 0.5095756398802118 0.4720477991056601 0.11746028763096845 0.118170731382639
0 0.5864498602950151 0.37789971523381993 0.12505426634364483 0.1152275693385418
0 0.6753106284802455 0.2543914396826047 0.16662976114786474 0.15207425911805572
0 0.7593524927105328 0.21812859099312565 0.12069454827463008 0.11980596656500016
0 0.7102651466654757 0.12962848223566031 0.12327324505632156 0.11206620174736122
0 0.6327410802056154 0.13640385267663246 0.1120079631253363 0.10712412860909733
0 0.5506334205506893 0.11109342173083378 0.11404035668871888 0.09157186379145843
0 0.5099698517450404 0.20998421019982683 0.10811813861970414 0.09611389342673622
0 0.5428805407330616 0.2567689444322574 0.10164961733238051 0.09284342306201392
0 0.3179080378830699 0.1961541802802086 0.15270937278026225 0.13147081838861124
0 0.1172628177203682 0.36073943787965285 0.1000871173323806 0.09280705547083343