0 0.8320139017809736 0.5439246978835508 0.22519270678164424 0.17440220536281678
0 0.6361791710113959 0.47358656791059506 0.2526670434232436 0.22781810669954403
0 0.4497450572814915 0.5702359432686394 0.11134422249741008 0.11061133068109026
0 0.29958239144189136 0.5587091919557748 0.13016699710451593 0.11239200668363551
0 0.28652796567749367 0.7048756672899565 0.12533394789030422 0.10921246268299925
0 0.5226539801504051 0.312495621260367 0.1377269400324213 0.14058973201781733
0 0.4427395401179838 0.4524126439370029 0.10792812406898662 0.10432496801399935
0 0.40659233250776994 0.3232160399427299 0.12213617328319834 0.10761360001590833
0 0.37153674400414394 0.17058193594845691 0.14746581306795062 0.14851132001909004
0 0.18181927254019126 0.18684437730745573 0.09179370181924558 0.09320565467854491
0 0.267187384203181 0.2818927006285927 0.1456464478903042 0.10944882001909004
0 0.1152695115819365 0.4421682239815463 0.1106550177826803 0.1293431493475447
0 0.009032435898592104 0.5232011426639092 0.018064871797184207 0.0785977146721816
0 0.12202881803485852 0.7161597073122282 0.08994010339082217 0.08693747334499946
0 0.29623499110865986 0.060580774626047315 0.10622007485477489 0.1011817866804539
0 0.2531163837888963 0.13135689863145616 0.08049232878371626 0.08526588534372678