0 0.3966008521244033 0.921631616422367 0.16284654002227175 0.15673676715526597
0 0.4014048887650864 0.7364342228156042 0.2199328813653622 0.24225701082055268
0 0.5607515220798599 0.6043982757977405 0.10588746801399936 0.10617109514371954
0 0.60354645472627 0.4564752528364869 0.10923064401654478 0.12501202335696499
0 0.7463248480664969 0.5113937365391509 0.10605110001590834 0.12023359514371953
0 0.2915288074076784 0.5559534494586392 0.13741018801718105 0.13051787727617317
0 0.4530566534054512 0.5442527344940868 0.10116360534690845 0.10290970282385156
0 0.34418963605981545 0.4504907111371218 0.10288973734881743 0.11701766693047429
0 0.21334762137967972 0.34749844028743926 0.14376927601845368 0.14007473370266404
0 0.2972579026893626 0.17578021615168674 0.090044292011454 0.08696645407749282
0 0.3556982060391346 0.29853340604341455 0.1047431386855445 0.142063131037097
0 0.5618476613621806 0.22877615017091985 0.1261454240133631 0.1020746285298145
0 0.6896448500159084 0.13721443896729105 0.08057838534372692 0.07888116943775673
0 0.8171993273790434 0.36038281749710555 0.08535679201145427 0.08683006175762475
0 0.12597379602958955 0.2215604144231918 0.118332924013363 0.1018473079967011
0 0.21886073002863507 0.21723427876724136 0.08524770401018138 0.07745506175762476