0 0.33214687406898663 0.08533204446509761 0.17377575599585598 0.17066408893019522
0 0.41502364826180765 0.22256194453028985 0.2476542117440431 0.27082190940281486
0 0.3469051567388631 0.44378298241201664 0.12428087014004525 0.12844347758022465
0 0.3778919451997078 0.5871185231686813 0.1134889193542568 0.13067565727678296
0 0.23054606430629568 0.6226728701439622 0.10353172249740998 0.11741038273097573
0 0.6001328564911941 0.3243004324023183 0.15600605913900906 0.17461684697528082
0 0.47562947022109847 0.42935420740716745 0.1001883986760923 0.11246779121570664
0 0.6119137266312392 0.44254024937178016 0.10763702564056317 0.10529302000387926
0 0.7801393418088857 0.4680191261837021 0.14666529238978612 0.1411666181871082
0 0.8781209234880862 0.43335747057390916 0.10331339867609231 0.11272288273097572
0 0.9062887729499668 0.5330067842093912 0.10912675103345748 0.10385806576151388
0 0.8373418738595895 0.5849038661817625 0.0964812018192454 0.09971269970043757
0 0.7884549176971178 0.6633953990625194 0.10334763192686935 0.08003792848861017
0 0.6782408556626246 0.6206335563393024 0.09426373035529281 0.08552265394280312
0 0.6692981951997078 0.5633312393698405 0.08637845574818695 0.08332242515463051
0 0.530702383784387 0.7699155634663042 0.13619867328319835 0.11696384364130097
0 0.23944168299859875 0.7968278472651449 0.08808650496239875 0.08657497091226496
0 0.16939251033457303 0.9429213393892372 0.09811647642635143 0.10140274545807201