0 0.8116495140747311 0.5385468545512782 0.19366215471124731 0.13495789735836256
0 0.6534817349937374 0.48964737257323154 0.21445525595208464 0.18672039202736243
0 0.4698554979831876 0.5815547039306395 0.10197739926336595 0.096421561346272
0 0.3421129102360037 0.5775768232813661 0.10266581411407198 0.08393974267981755
0 0.329028766168418 0.7088722766152296 0.09296303218308673 0.079143154678545
0 0.5447290838887862 0.3480604039226854 0.13944454827463026 0.11871473201781742
0 0.46745675368317086 0.47073538259868497 0.08961951089576328 0.07598179201145391
0 0.4402765306704775 0.3570819626034575 0.08090007475773361 0.08524770401018138
0 0.3992741082782028 0.2178291059436844 0.10797602698730664 0.11522610534690844
0 0.41800196496692166 0.12862115527532086 0.08983803218308672 0.07910679201145401
0 0.32803252882889206 0.12030067262095664 0.08090007475773371 0.08524770401018134
0 0.29135770147326834 0.18707963995863824 0.08024451089576327 0.07587270401018138
0 0.22910371991060022 0.2401051899665924 0.058806553470410174 0.08186816534054513
0 0.2791804935437122 0.32773191195895646 0.06763525025210156 0.07416475334181775
0 0.32918049354371215 0.3271501092855022 0.06251070767745456 0.06786020934118149
0 0.16578499303950908 0.4758068799729558 0.09035148441265975 0.10877611067790856
0 0.17699101876630802 0.728595525302365 0.06563570767745466 0.0678965720082724
0 0.04966527924548168 0.8512801419875915 0.09933055849096337 0.14520450668363552