0 0.130537985925269 0.5479011688143025 0.19748627723940823 0.18857266237139497
0 0.28238470919006387 0.5063762232654204 0.28332522427320106 0.2546703610435349
0 0.4747357361773705 0.6193660608940255 0.13541261213660044 0.1272988190854491
0 0.6142899090738483 0.6255882689359396 0.13621028763096846 0.11637040944452863
0 0.6164201276470662 0.7678212207313375 0.12149222376899793 0.10691359621281223
0 0.41613736029501514 0.36257116023009556 0.1830195856534969 0.16037493949875792
0 0.48830692725907865 0.5004887958669109 0.11814870248167467 0.10377041549465282
0 0.5283313576971251 0.37989449473544273 0.11222648441265974 0.10842155405833438
0 0.5868654875147529 0.2334007689359395 0.14798902179152656 0.1507999515990063
0 0.5738413276077253 0.136562130372258 0.11513296312533612 0.1053147347764936
0 0.6728961866422327 0.13364114257070228 0.11088250569998319 0.11153746369925477
0 0.7070469475379959 0.20847297092772937 0.10699268119435104 0.10058178298109555
0 0.7692298732844653 0.2706366276417835 0.08846120248167466 0.10359769867214012
0 0.7075436102950151 0.3608758082617468 0.09583665990702758 0.09739315046753827
0 0.6525283283640299 0.35650647082953346 0.08904035668871906 0.08954428903121983
0 0.8154375098104826 0.5290667511783503 0.12680243664223276 0.13818177693097128
0 0.7804879814857936 0.8004741185665971 0.0906028566887187 0.08955337939029917
0 0.9166015360414846 0.9223576880448296 0.16679692791703077 0.14628516842151917