0 0.8411748187459963 0.6135120170446771 0.20817722135581712 0.17282740870767305
0 0.6707532307447236 0.5981895734906137 0.23535788669636232 0.22687999164729752
0 0.5362135040579064 0.44511415879249105 0.11222837468172671 0.1148115228654909
0 0.41307544871895213 0.39942465815951883 0.11210110534690845 0.10387402286549072
0 0.45538003270208927 0.27673369182478275 0.10109088001272663 0.09724207694917482
0 0.5085264980903595 0.6831126665970393 0.15163632001908986 0.14586311542376224
0 0.4866049500715876 0.5441220884667382 0.09791133601209037 0.0924454495445131
0 0.414267420751087 0.6360888444571879 0.09175224267981755 0.1000396947351895
0 0.3179202267663591 0.7451786130615095 0.12025905068427196 0.1338343413771451
0 0.29861679077813125 0.8311880349312084 0.09794769867918127 0.09557044954451292
0 0.21005373010817685 0.803886435749515 0.09018974267981754 0.09998513103285873
0 0.20294920743154093 0.7302306809401916 0.08851815467854492 0.09055556733052797
0 0.16542138808876863 0.6594171839354164 0.06982269867918127 0.09458830290255768
0 0.24906913474695083 0.5998636238612827 0.0744192920114541 0.08693949400955034
0 0.2977248107494962 0.6203050986335391 0.07123974801081764 0.08214286660488845
0 0.20407316605663378 0.42414437204718414 0.10296246268299925 0.12385914065150558
0 0.31940562269254424 0.20170143157316373 0.07432838534372684 0.07912699400955026
0 0.23033293734086327 0.0634896142426358 0.14816587468172654 0.11606648801910044