0 0.8825236523157443 0.4589673537358743 0.2349526953685114 0.32482832493918146
0 0.7384440375427299 0.13557128123257967 0.15771687476889085 0.15870335518980255
0 0.8805884219450391 0.05545809699837902 0.1424268438900782 0.11091619399675803
0 0.6109842787672413 0.21288828103618793 0.10054087226160835 0.18024201190385672
0 0.518703502045064 0.29078199776050484 0.07680184389007856 0.11605224687674198
0 0.5130936627073321 0.44709108509452233 0.06352895407749273 0.08941702400410509
0 0.6918995904583591 0.7648547811343838 0.06977895407749272 0.08945338544042354
0 0.8112011714163139 0.8368292542034125 0.12669419530200407 0.1663340480082102
0 0.9483946652146147 0.898461124911309 0.10321066957077071 0.09605790944452863
0 0.3735454294003796 0.4580609222321481 0.05668792069139794 0.06906816256778665
0 0.4293969611371217 0.33662173858712263 0.061495092636437224 0.12689884328594586