0 0.5466655415150707 0.8695037737408212 0.361841762247062 0.2609924525183576
0 0.2003797695197465 0.7189563258918568 0.18130031203728053 0.16857054220663664
0 0.1266490394404783 0.8682511680190632 0.13347811867597636 0.15525233603812652
0 0.2698849408857264 0.585972276378324 0.19867614357108562 0.1095773717519414
0 0.3422316923356189 0.49048822686479154 0.1263508576783142 0.08178756249917604
0 0.5031808477295593 0.4831547881461516 0.09716026514684692 0.06723413879807012
0 0.846129054787818 0.6639095048646734 0.10087726099766207 0.0751011858759707
0 0.9185550874568434 0.7870799979648145 0.16288982508631306 0.13430463636243814
0 0.973788423039587 0.935048524753471 0.05242315392082588 0.129902950493058
0 0.5031664244894796 0.3388144529188041 0.07457487012586875 0.057477309252765355
0 0.382061941710919 0.39833768303330164 0.13598596680652095 0.06479097727182861