0 0.29921875 0.8183530014606024 0.4640625 0.3515377079174993
0 0.72578125 0.8286898684253254 0.2234375 0.18048574825657368
0 0.65 0.7032886187081494 0.3125 0.2695277073518513
0 0.665625 0.5597341083405569 0.1640625 0.13935360885972195
0 0.51015625 0.4866171114981029 0.1875 0.13359162441111075
0 0.61796875 0.41937223996171413 0.3296875 0.20384391875620303
0 0.13984375 0.4877652572100466 0.2390625 0.1459152586241661
0 0.0828125 0.5716610950517594 0.165625 0.25042780989648106
0 0.68828125 0.9296269433075477 0.3265625 0.048883016682684396
0 0.2078125 0.3052562621110189 0.140625 0.11855309330833305
0 0.26484375 0.260422924269306 0.1140625 0.08341667568342573
0 0.3453125 0.2393203208762044 0.1609375 0.11251770678620332
0 0.60234375 0.3473017503293067 0.15625 0.10742010367592555
0 0.57421875 0.2935123689909733 0.1984375 0.13298603166842557
0 0.5640625 0.2162759257299085 0.1234375 0.09361188190398124