0 0.8660506069408204 0.6222655720829691 0.2678987861183593 0.49532247972108256
0 0.7768406414696957 0.202811095716081 0.18626455397461328 0.24003441015912905
0 0.6889414397443259 0.3132790661308843 0.2770859319506556 0.33812198491686285
0 0.5532824451922075 0.34110949916682076 0.14461264951546743 0.1780371547112475
0 0.5398476479259836 0.5158691985464021 0.13832979852673155 0.19936585149293878
0 0.44197859445557325 0.42817282057035977 0.2140067777436112 0.34770479852673175
0 0.6686653246808592 0.876769221675311 0.15287289976756888 0.24646155664937802
0 0.771560731737895 0.906142506330237 0.2571562081816577 0.18771498733952613
0 0.9190827717915265 0.21353506428929894 0.1381655435830531 0.3081945482746301
0 0.9216550227999327 0.9710651609154338 0.15668995440013447 0.057869678169132396
0 0.47965745500269 0.8669457434668377 0.12255197921687966 0.15161676634364482
0 0.41905880858931577 0.8230593496513533 0.08621028763096845 0.12108803218308672
0 0.37279045994636856 0.7506326925943174 0.11615986758448216 0.17138296312533613
0 0.3815927515126093 0.4651540145020595 0.11270708565349699 0.16647694183801284
0 0.34262844050063046 0.5082977271231927 0.1390946230323638 0.2103033514929388
0 0.275774076270343 0.5417168784802454 0.09624085149293879 0.13111859604505724