0 0.8270161377482935 0.4777208499843016 0.31092157013515764 0.44252483901489226
0 0.7007189439627821 0.8626191504397884 0.16574708963168217 0.21305061542376222
0 0.6184410854592753 0.7492982057045989 0.24221634648015938 0.29675598202865067
0 0.4898550667879434 0.7095586047088069 0.12879061867597627 0.15721727767481433
0 0.47884947965506097 0.5446776491738442 0.11939230788809567 0.17714783175849824
0 0.38801006948723576 0.6167039273968126 0.18269963652211577 0.3133779976377472
0 0.6018431520699481 0.21371288056952262 0.12943108133331246 0.2273660865678216
0 0.7116810159720396 0.14939989862568998 0.25163796805592076 0.25656749164729753
0 0.8637992844196569 0.850297743631032 0.16678937137526867 0.24737105172143145
0 0.8550058860979085 0.09800606813313614 0.16811322780418295 0.14144843393541645
0 0.42455860165502957 0.2067386503549705 0.105139631123531 0.13301588584218216
0 0.36786997115619846 0.24157495262455594 0.07535704274124866 0.11015873920022683
0 0.3238347060093515 0.3058358600662846 0.10054721950581325 0.15467263103285872
0 0.3300917483263929 0.574732193005909 0.0969486228251613 0.1483135036281972
0 0.294166826335713 0.5319618504476378 0.12033950124939992 0.18964783175849825
0 0.23288670683454407 0.4930059886520726 0.08364313942190078 0.11668155771188111