0 0.8813549577654509 0.41012389039705166 0.23729008446909816 0.3463393197775986
0 0.7254388867328808 0.08974444692780632 0.1705840577372161 0.17124506134007814
0 0.8642213946959758 0.029136851459128043 0.1440677893919517 0.058273702918256086
0 0.599747912970653 0.17633176607243278 0.11395462613895013 0.1895387043538365
0 0.511647944470097 0.2631720563611187 0.08504139988706054 0.12147818511654282
0 0.5162884837914614 0.4234919974681112 0.07099431043863902 0.09447917549789597
0 0.7184928098033546 0.7366120124442357 0.07889781570031093 0.09631449400955035
0 0.8451987939477519 0.8018600118112635 0.13813557878390342 0.17634922359113006
0 0.9673581601280556 0.8545708056433284 0.06528367974388871 0.10398315027015244
0 0.37422978640817994 0.4441095762313846 0.06034523677523316 0.07227679328391083
0 0.4231083602127602 0.31558278294747377 0.07005343671876343 0.13187004809323427