0 0.4286185294040947 0.16989816072563366 0.5146379411918106 0.3355418894016332
0 0.10016614719010956 0.44264258068109025 0.20033229438021913 0.18841016136218053
0 0.230042097830931 0.4849039007001803 0.3486111479078998 0.2773828493793616
0 0.3236333520072822 0.6024464840467706 0.18309029691210785 0.14426017202418073
0 0.5052305815888621 0.5498498374044967 0.2063095421027846 0.13828289202736244
0 0.46498254910472453 0.6728691667329516 0.3587649087076731 0.2103408000477252
0 0.8103273424734535 0.2954827001113585 0.2613789880191007 0.14985673870145294
0 0.8120585119808996 0.15638383744426762 0.2622371382892531 0.26388287603436206
0 0.07766864301375834 0.2376459980108177 0.15533728602751667 0.2440419960216354
0 0.8168774759533829 0.040767928111040345 0.15062004809323426 0.06422722668681725
0 0.888427516705405 0.47615199212281245 0.1572718413771451 0.1205317706874535
0 0.8749528045470202 0.5486809727879944 0.12638393992586608 0.08581132535009015
0 0.8239780923886354 0.6207736014480856 0.17898315027015244 0.11609880935708983
0 0.5322047654394606 0.7174191454089511 0.17100695916315978 0.11132040268936265
0 0.5932141873091595 0.7384498080839961 0.2188095421027846 0.13842834269572607
0 0.660272712536903 0.7876872867599957 0.1345238221398514 0.09527723201781732