0 0.484375 0.8578125 0.3890625 0.228125
0 0.13046875 0.6875 0.1859375 0.115625
0 0.2515625 0.61875 0.25625 0.175
0 0.30703125 0.49921875 0.1359375 0.090625
0 0.46953125 0.5046875 0.159375 0.078125
0 0.41171875 0.409375 0.2875 0.1078125
0 0.775 0.6546875 0.209375 0.075
0 0.8421875 0.771875 0.253125 0.1859375
0 0.11015625 0.87265625 0.2203125 0.1640625
0 0.86875 0.92421875 0.146875 0.1515625
0 0.80546875 0.484375 0.115625 0.075
0 0.7796875 0.4265625 0.096875 0.05
0 0.7234375 0.37734375 0.1390625 0.0640625
0 0.46015625 0.3578125 0.1328125 0.0625
0 0.50703125 0.32734375 0.171875 0.075
0 0.553125 0.27109375 0.103125 0.05625