0 0.61953125 0.8375 0.39375 0.2390625
0 0.22734375 0.81171875 0.1875 0.1203125
0 0.3140625 0.703125 0.259375 0.1828125
0 0.32109375 0.571875 0.1375 0.09375
0 0.47421875 0.515625 0.1609375 0.0828125
0 0.384375 0.4484375 0.2875 0.1171875
0 0.81328125 0.540625 0.209375 0.0828125
0 0.8953125 0.6234375 0.209375 0.19375
0 0.24296875 0.959375 0.2984375 0.08125
0 0.9671875 0.7796875 0.065625 0.209375
0 0.77734375 0.37109375 0.1171875 0.0796875
0 0.73125 0.32734375 0.096875 0.053125
0 0.6609375 0.303125 0.1390625 0.06875
0 0.409375 0.38359375 0.134375 0.065625
0 0.4421875 0.3375 0.171875 0.0796875
0 0.46328125 0.26796875 0.1046875 0.059375