0 0.4570804458233896 0.12043849850218794 0.2733391083532208 0.18730777879787103
0 0.6999549964853433 0.19280693245081 0.17308224317557439 0.1402098960668953
0 0.5295996470234626 0.2808495821415492 0.25785534946188077 0.1222249127367947
0 0.4120418118296055 0.38026003759186267 0.1394306811410811 0.08609648091420449
0 0.6013525607961482 0.49138821153854506 0.10723461124870504 0.06323306576151388
0 0.9029537179492962 0.19526160806448228 0.12214478949430188 0.249680748792052
0 0.7502031296550671 0.5788239229079123 0.10171235731976366 0.07834788273097573
0 0.4941307580672799 0.6214427601711175 0.09004711124870504 0.06183006242753386
0 0.17376271588238146 0.32708801379496155 0.0825984842842343 0.06900483363936125
0 0.2023714052956302 0.436861497584104 0.08059933664159917 0.059502287881726804
0 0.2665944170824545 0.4891571922835718 0.09673375889134021 0.07171524545807202
0 0.06353380707209456 0.1466993989418332 0.12706761414418913 0.18089879788366642