0 0.43397191969237275 0.6649033952842365 0.0560383576783142 0.08289164558877822
0 0.7352696974872671 0.8850519023809504 0.20646533278320475 0.13917882325581415
0 0.819811563463951 0.8158827953488348 0.12261055103961845 0.09959708667404996
0 0.6556450875338677 0.6841285549095589 0.10949524440092269 0.11119592072720579
0 0.684304729030361 0.5726706207641177 0.10012024440092268 0.11059514342931002
0 0.7207894485361743 0.4195060479697286 0.07682445435896632 0.09044332973421945
0 0.8358564962518005 0.5015396930970815 0.12019594606059662 0.10877182757475108
0 0.8419261296504164 0.6574194532761143 0.13184384108157446 0.11884773442229637
0 0.9262311972867746 0.591375346243999 0.05764932448483506 0.14519138648947952
0 0.9255137599487551 0.33408328038944013 0.0999552236549981 0.14945738433001132
0 0.49411835952919203 0.5483178701458089 0.050663773445216796 0.05300388648947969
0 0.4597899811049534 0.5909454611387954 0.024953378424238615 0.04202681369509058
0 0.44601366886718025 0.47520983960871044 0.1632607070582587 0.18461243676633482
0 0.6780378765501388 0.19367353563122744 0.2932120066479845 0.3810845234403846
0 0.904047037342664 0.04173480799187786 0.19119553029369385 0.08346961598375573