0 0.6160415032987053 0.3146666033454735 0.25239287727617316 0.1489575576656305
0 0.37767402210332374 0.13836197365357558 0.15569973370266404 0.1501305540475859
0 0.4460532637235465 0.3705027662812007 0.1304891335443795 0.08796474672063966
0 0.47332646905468057 0.44993796076327686 0.10494356426490725 0.06790455223856355
0 0.5982439010288496 0.42684237675122183 0.10811402837152997 0.06963082654882306
0 0.6029888884924374 0.5362992639063515 0.09511392319868044 0.05178822930778502
0 0.3891082449189281 0.5313307236535756 0.17833560015828462 0.07019074852966192
0 0.27825566145369096 0.4748173727944929 0.1093128155185485 0.057212713703953
0 0.48067963097058997 0.5954142350735363 0.09796613855894432 0.04257700361804453
0 0.9438589632486929 0.4312454302329809 0.11228207350261421 0.11107469810012063
0 0.9156420011871342 0.5043210820874318 0.11261967194503911 0.06362648801421233
0 0.8590343000126353 0.5426975073476309 0.1269094924781527 0.07217597241038014
0 0.7844267565974106 0.6058725367462731 0.07439224623907634 0.03666119629109836
0 0.7110263605166188 0.6301078968776098 0.07751724623907634 0.03682497060135788
0 0.7545777837152994 0.6791938500661131 0.120022994985435 0.04997342378986112
0 0.612586512007687 0.7052949253717408 0.11207410266556703 0.04487648801421251
0 0.658089228621592 0.6873980964480685 0.0727388180258309 0.033454309135968606
0 0.49311744648913847 0.6475499451594445 0.0648808539192082 0.031482373360319824