0 0.5633640989789591 0.6400228917501425 0.12341603444287888 0.1280851907221905
0 0.4664173213845575 0.6016554115218059 0.08967965186945541 0.09399935079830275
0 0.527708173664287 0.5004165636892527 0.07154495850815117 0.08079901384016441
0 0.5655023263589349 0.39935147079961536 0.07334425684847723 0.0839876808363588
0 0.43483174420042997 0.3709784144875554 0.08428175684847723 0.08443334980971962
0 0.4597348105873881 0.24457774057127885 0.0935383576783142 0.08325285178688588
0 0.7106633062377105 0.5258755256288005 0.18729020290907386 0.18987953657757756
0 0.8865629554078736 0.5202754885569314 0.16943892946385689 0.139306533611828
0 0.22240871888111338 0.05547406718647482 0.13856743776222674 0.11094813437294963
0 0.23791012262466857 0.4197527900004375 0.08892263527271585 0.125122016805914
0 0.30585832968292725 0.5925244451336338 0.06361405933798814 0.07891817885919253
0 0.22393474607452973 0.6593392134224225 0.07130816016782511 0.07767401384016441
0 0.2687512612213767 0.7233407050194656 0.06903526514684702 0.06823534684397004
0 0.2932911651654245 0.8093272845632301 0.08965634108157472 0.11424818380210837
0 0.3886377087318658 0.7231576798105946 0.10840634108157472 0.11501218775644109
0 0.35223642221439444 0.6047406022439965 0.059423466806520955 0.06472834486680376
0 0.3199017933659486 0.18836618574209366 0.059778664317010045 0.06941584486680367