0 0.6776434748283101 0.29129202763850753 0.278878369581383 0.17820296086541684
0 0.4461520998097196 0.08843521209968788 0.17980419961943922 0.16028680262104184
0 0.4904909847141418 0.3337665491056601 0.1446360207602467 0.10171058320625015
0 0.5111165025086389 0.41854159260864626 0.11568334980971962 0.08074346656500016
0 0.6456679160447922 0.40684363924576444 0.11880834980971962 0.08081620174736112
0 0.6385968567669829 0.5206333823119103 0.1055443458553869 0.06177526101791671
0 0.41120668581645575 0.4950475815907295 0.19262785178688588 0.09190047853284752
0 0.3006565049800969 0.425350717799271 0.1199251808363588 0.06991506933854179
0 0.5016990346375921 0.5705216666968407 0.10522601087441501 0.05396276101791671
0 0.9737597880604522 0.4404621051451745 0.05248042387909564 0.11562630642076392
0 0.9554527984405755 0.5181143264598272 0.08909440311884893 0.07594686379145835
0 0.9083973622041903 0.5526698579949659 0.13931185079830258 0.08597648043270852
0 0.8225991250557716 0.6115525890932646 0.08140650889724874 0.044042247150208345
0 0.7421449625082015 0.6291927243518757 0.08459517589344294 0.0456774823325695
0 0.7818733073750052 0.684753046540209 0.12904551285158128 0.06388327488562524
0 0.6286673943331434 0.6983583388089241 0.11941584486680376 0.05741506933854179
0 0.6795932243711995 0.6839334693178825 0.07965300790866543 0.03931837955902786
0 0.509427963002493 0.6261177032659726 0.07021434091247088 0.03753767401194459