0 0.6475626924655173 0.3827888506061224 0.08623902837152997 0.0704560551888033
0 0.8224085459225072 0.06159389252217844 0.20518290815498547 0.12318778504435687
0 0.723863397334433 0.013725077585112872 0.11477320533113407 0.027450155170225744
0 0.6289503994460041 0.16515198732873076 0.12376777210332382 0.12786673610255286
0 0.5208878468595792 0.18191528006997942 0.12197795157021041 0.11993583693238982
0 0.37199570579335245 0.2087882012354667 0.09776756175762476 0.0915973493799445
0 0.4299255292294598 0.06716049875060015 0.12555759263643723 0.1343209975012003
0 0.5733405601082721 0.037732185263427094 0.13456887978345583 0.07546437052685419
0 0.26105350877548866 0.05661223982753046 0.1512108105039836 0.10656042116548729
0 0.5286452079049235 0.3707526371235937 0.05779577962517113 0.05738737012586892
0 0.5749746386254514 0.38595066201870304 0.04305131802583091 0.03288427759440164
0 0.4687868231069029 0.44544590641962556 0.20054087226160835 0.1944873962703781
0 0.18713863565595049 0.3356145008251926 0.37427727131190097 0.35689599834961483
0 0.02345422037482884 0.1965431132773916 0.04690844074965768 0.1881637734452168