0 0.34453125 0.54296875 0.10625 0.09375
0 0.36640625 0.44296875 0.078125 0.0671875
0 0.4765625 0.48984375 0.06875 0.053125
0 0.58203125 0.51328125 0.0703125 0.053125
0 0.58828125 0.38203125 0.06875 0.0640625
0 0.71640625 0.38984375 0.0640625 0.0734375
0 0.48125 0.671875 0.15625 0.14375
0 0.51640625 0.84296875 0.10625 0.140625
0 0.9015625 0.125 0.1640625 0.096875
0 0.5078125 0.1953125 0.1109375 0.0578125
0 0.3484375 0.28515625 0.06875 0.04375
0 0.26953125 0.21328125 0.065625 0.053125
0 0.21328125 0.26640625 0.05625 0.053125
0 0.1328125 0.3015625 0.0984375 0.0625
0 0.23359375 0.38359375 0.096875 0.0796875
0 0.34453125 0.33203125 0.0546875 0.04375
0 0.74921875 0.2453125 0.059375 0.04375