0 0.35546875 0.525 0.0703125 0.04375
0 0.121875 0.81796875 0.1546875 0.1765625
0 0.20234375 0.88828125 0.0828125 0.103125
0 0.32890625 0.728125 0.0921875 0.090625
0 0.428125 0.7453125 0.09375 0.0828125
0 0.565625 0.76484375 0.0765625 0.0625
0 0.4859375 0.8765625 0.090625 0.1
0 0.3453125 0.8953125 0.0984375 0.1109375
0 0.4015625 0.971875 0.128125 0.05
0 0.634375 0.9484375 0.128125 0.084375
0 0.45859375 0.5703125 0.04375 0.040625
0 0.42109375 0.54296875 0.0359375 0.0203125
0 0.52734375 0.5203125 0.1546875 0.1328125
0 0.771875 0.70703125 0.325 0.234375
0 0.93359375 0.90703125 0.1296875 0.1796875