0 0.3088750039171516 0.35389091644019 0.13940469269935693 0.13283391535490924
0 0.31119489619876667 0.46902424354371225 0.10200285178688588 0.09438342055068923
0 0.4437819031188489 0.42703384947612644 0.08880251482874754 0.07632183540139544
0 0.5651939880998208 0.41075364959234195 0.08880251482874754 0.07632183540139544
0 0.5427712069594508 0.5595571363507902 0.09243685079830274 0.08904035668871887
0 0.6867612874917984 0.5627317768120796 0.0881950197716634 0.09965007475773362
0 0.48793244562792537 0.22295835467190656 0.20607753954332697 0.20137610174504034
0 0.5623461496959888 0.06315093797961499 0.14718270060802235 0.12630187595922998
0 0.8181453027776566 0.8752814172733693 0.18028436068413428 0.1419246920901145
0 0.41300149943134634 0.7618294665564056 0.13781301779449712 0.09377141535490914
0 0.2565352766173836 0.6442316931753951 0.08685801285158128 0.06683757475773362
0 0.15304817927912198 0.717685254691577 0.08567751482874764 0.07610331411407198
0 0.1027563606097724 0.6518688665760759 0.07311384783255322 0.07366672896477802
0 0.041633107186912335 0.604097638115501 0.08326621437382467 0.09492972376899793
0 0.15088213730151812 0.5223016988753783 0.1262043557412186 0.11477233020561535
0 0.2617931209898957 0.5916694218880716 0.0727318458553869 0.06429172896477801
0 0.6908864188989987 0.7291544523064475 0.0758568458553869 0.06451025025210164