0 0.23041365865690952 0.30551646543676997 0.46082731731381904 0.3235329308735399
0 0.19750642059200346 0.5583085430033681 0.08804544000636332 0.050440351786885884
0 0.0671511373329091 0.06992518083635883 0.1343022746658182 0.12735036167271768
0 0.6256796106381376 0.2357503824701454 0.1612658586887264 0.168994033611828
0 0.682157971992364 0.08407247733694909 0.09818405601527189 0.11644735376405227
0 0.8138528673217731 0.11835858851537517 0.14095335868872638 0.16816636266130086
0 0.8344273546308199 0.29818800996019384 0.18441245735199913 0.14494903855474384
0 0.8767864826145934 0.4195019358536368 0.23784654002227157 0.17367621642535305
0 0.706736517266094 0.5243446502646425 0.09791133601209037 0.09300985376405216
0 0.7708348325907307 0.5910493306067097 0.1493829293443632 0.08729836463846716
0 0.5820006939449571 0.42937570707099404 0.1675522213558171 0.1723737015966055
0 0.4484149399268215 0.557589595892568 0.08217724801081765 0.08299818380210837
0 0.9517432186505463 0.15758686767857882 0.08613858935390795 0.15500051779449714
0 0.4617989239735921 0.2134403478697343 0.07645450668363551 0.12805601581733078