0 0.290464232219433 0.6657639382609025 0.5546383522496652 0.41392748100138943
0 0.219823321456093 0.41852722198024284 0.10216871572854576 0.06635365824437507
0 0.16584585088939835 0.9300284196435415 0.18880343671876343 0.13390614057694455
0 0.7133934980044485 0.6512390048465619 0.2051256577089811 0.19982208130638918
0 0.8022299428980684 0.8137915966021868 0.14153359456891898 0.17961737765916652
0 0.8984139691358406 0.7296328425181242 0.1267276419239657 0.1933162017473613
0 0.8888855926439547 0.5449493712034714 0.16616957352223166 0.17394925911805573
0 0.8913875083160308 0.42162097397701315 0.17681864718563745 0.196042464665139
0 0.7508982871846388 0.3421906599568049 0.12364887357870132 0.11366506933854179
0 0.8071020555299031 0.26130302944784656 0.17208637357870132 0.114792464665139
0 0.6384221320359064 0.46495797236149244 0.2116486734939967 0.20465505167111128
0 0.4788944845679203 0.3641254370266315 0.1040798262236546 0.09916615824437507
0 0.5484895638459338 0.7096905505337496 0.10819047355046649 0.14295252583555573