0 0.59765625 0.875 0.065625 0.059375
0 0.68515625 0.7859375 0.05 0.0546875
0 0.0328125 0.75 0.065625 0.065625
0 0.06796875 0.6765625 0.0578125 0.046875
0 0.2359375 0.5703125 0.05625 0.0359375
0 0.3171875 0.52421875 0.0609375 0.04375
0 0.3859375 0.57578125 0.046875 0.0359375
0 0.5609375 0.434375 0.05625 0.028125
0 0.453125 0.46015625 0.04375 0.0203125
0 0.190625 0.4984375 0.121875 0.040625
0 0.31015625 0.46953125 0.071875 0.03125
0 0.09375 0.5265625 0.0640625 0.034375
0 0.4671875 0.41484375 0.046875 0.034375