0 0.18611409391842187 0.6968335725032946 0.08010660703211539 0.08012383723582168
0 0.29974459977851803 0.7626034973677214 0.07119268198597287 0.06289088544042354
0 0.14259611505167985 0.10311538876007327 0.08469397748246603 0.07858860831306051
0 0.22489747532299775 0.11904894008793314 0.0653432001845701 0.06910452400410509
0 0.38025320866555995 0.2627302415139889 0.054105311535622216 0.06435339149054772
0 0.4496027883997794 0.3326654916121847 0.06231832973421945 0.07064884328594587
0 0.41882196020671947 0.41334331987101597 0.05047966378737563 0.056522710772388504
0 0.6100150639996322 0.5552530430382405 0.044630181985972864 0.06273634933607006
0 0.5527253932724264 0.4539859797083281 0.03435401603912887 0.04861930718159222
0 0.43796677667958706 0.199871172330344 0.07716088217054295 0.13164997579950316
0 0.5014261042543382 0.31204391940347775 0.051981607032115386 0.0799602107723885
0 0.38132794802510184 0.10876035900043154 0.0530434592838688 0.07215680113146816
0 0.6021444023717251 0.45682463339732016 0.04725453423772628 0.054942030054229284