0 0.6304465684754524 0.12025714204118565 0.07441781153562221 0.06528980925276531
0 0.7255669062292365 0.21634298376135502 0.05682979333702498 0.058739800324311545
0 0.05138772902362555 0.22954717816533302 0.06856832973421947 0.07143071509696393
0 0.08832532695644228 0.30666878571381495 0.06414164558877826 0.05106366801906326
0 0.26902221930601805 0.42297739853730276 0.061878238741233015 0.04009889448011279
0 0.35582011489479637 0.47443653287114584 0.06706638648947968 0.04799321509696384
0 0.4243407749815441 0.42334736566286146 0.0509407387412331 0.039907979707460586
0 0.6136407117478789 0.5764838226421507 0.06127746144333699 0.03072389448011279
0 0.49928831507936644 0.5456138778377262 0.046814443244739753 0.024228432629559826
0 0.2245596229143608 0.496337032060367 0.129366127390181 0.04595915665497756
0 0.3500497786821719 0.5305228916374439 0.07720285009228504 0.0356841298696164
0 0.12260709669619904 0.46412277556754516 0.06802810919158371 0.038645488635914306
0 0.5164047663436707 0.5935155896882792 0.05084060919158375 0.038345479707460585